36 -1 1232 -1 17 -1 197 -1 29 -1 921 -1 197 -1 17 -1 25 -1 89 -1 2092 -1 21 -1 33 -1 1490 -1 138 -1 8 -1 102 -1 1001 -1 18 -1 263 -1 9265 -1 52 -1 71 -1 3326 -1 122 -1 108 -1 272 -1 122 -1 319 -1 932 -1 919 -1 101 -1 29 -1 18 -1 347 -1 23 -1 19 -1 29 -1 17 -1 9266 -1 21 -1 122 -1 9267 -1 -2
310 -1 284 -1 124 -1 8 -1 145 -1 18 -1 29 -1 2538 -1 2728 -1 96 -1 102 -1 146 -1 4246 -1 71 -1 1673 -1 206 -1 -2
103 -1 74 -1 206 -1 377 -1 90 -1 5008 -1 63 -1 212 -1 3284 -1 161 -1 54 -1 39 -1 50 -1 1040 -1 227 -1 4057 -1 92 -1 8 -1 1119 -1 14 -1 3249 -1 92 -1 4573 -1 908 -1 5006 -1 227 -1 747 -1 875 -1 -2
1 -1 1 -1 1 -1 781 -1 276 -1 641 -1 8 -1 4384 -1 414 -1 175 -1 7203 -1 1 -1 -2
1389 -1 96 -1 30 -1 17 -1 1018 -1 29 -1 6835 -1 1445 -1 197 -1 470 -1 39 -1 11 -1 2352 -1 29 -1 504 -1 7139 -1 1140 -1 71 -1 5515 -1 40 -1 660 -1 292 -1 3268 -1 92 -1 919 -1 470 -1 468 -1 39 -1 40 -1 660 -1 2695 -1 7141 -1 3508 -1 1286 -1 1974 -1 197 -1 -2
92 -1 468 -1 1632 -1 17 -1 52 -1 71 -1 290 -1 1692 -1 103 -1 332 -1 -2
1 -1 1 -1 1 -1 1198 -1 18 -1 24 -1 657 -1 197 -1 17 -1 212 -1 2217 -1 436 -1 2218 -1 755 -1 71 -1 290 -1 2219 -1 759 -1 18 -1 24 -1 855 -1 71 -1 290 -1 755 -1 92 -1 754 -1 25 -1 436 -1 206 -1 140 -1 92 -1 220 -1 74 -1 2217 -1 2143 -1 -2
36 -1 316 -1 29 -1 8 -1 1710 -1 18 -1 206 -1 602 -1 290 -1 1703 -1 39 -1 3 -1 153 -1 -2
1 -1 1 -1 1 -1 581 -1 582 -1 30 -1 663 -1 29 -1 224 -1 2353 -1 602 -1 290 -1 8106 -1 3 -1 225 -1 -2
310 -1 600 -1 4019 -1 274 -1 5708 -1 381 -1 1244 -1 274 -1 290 -1 7756 -1 21 -1 3268 -1 -2
310 -1 21 -1 40 -1 516 -1 18 -1 7126 -1 14 -1 71 -1 2667 -1 21 -1 8 -1 524 -1 18 -1 40 -1 4834 -1 18 -1 3406 -1 586 -1 18 -1 8 -1 2566 -1 18 -1 40 -1 7424 -1 14 -1 568 -1 8 -1 604 -1 18 -1 2667 -1 492 -1 8 -1 641 -1 183 -1 11 -1 6736 -1 419 -1 71 -1 19 -1 21 -1 8 -1 2686 -1 2687 -1 17 -1 2237 -1 340 -1 6736 -1 1383 -1 3 -1 40 -1 516 -1 92 -1 3 -1 40 -1 737 -1 20 -1 71 -1 7101 -1 3799 -1 7425 -1 7426 -1 6993 -1 6970 -1 14 -1 8 -1 398 -1 18 -1 8 -1 2659 -1 14 -1 711 -1 21 -1 8 -1 6887 -1 2687 -1 20 -1 71 -1 5578 -1 71 -1 5061 -1 -2
1 -1 1 -1 1 -1 5607 -1 37 -1 30 -1 17 -1 52 -1 1019 -1 71 -1 8 -1 5608 -1 18 -1 40 -1 193 -1 29 -1 117 -1 19 -1 63 -1 40 -1 3979 -1 21 -1 40 -1 5568 -1 18 -1 4152 -1 92 -1 21 -1 45 -1 339 -1 1316 -1 92 -1 40 -1 102 -1 4924 -1 21 -1 45 -1 1292 -1 9 -1 14 -1 197 -1 17 -1 212 -1 9 -1 21 -1 8 -1 16 -1 39 -1 17 -1 402 -1 245 -1 103 -1 8 -1 214 -1 92 -1 1443 -1 1178 -1 18 -1 117 -1 129 -1 19 -1 30 -1 17 -1 402 -1 29 -1 206 -1 4341 -1 29 -1 96 -1 219 -1 31 -1 5012 -1 14 -1 1314 -1 227 -1 3979 -1 2355 -1 1380 -1 224 -1 71 -1 225 -1 3 -1 4076 -1 14 -1 1257 -1 1262 -1 -2
14 -1 181 -1 124 -1 243 -1 21 -1 1270 -1 71 -1 686 -1 293 -1 2908 -1 18 -1 11 -1 5982 -1 -2
10 -1 265 -1 2304 -1 29 -1 265 -1 1103 -1 5031 -1 617 -1 21 -1 122 -1 2894 -1 174 -1 14 -1 388 -1 4533 -1 18 -1 4534 -1 274 -1 323 -1 21 -1 8 -1 2154 -1 18 -1 122 -1 2580 -1 299 -1 122 -1 7126 -1 14 -1 617 -1 265 -1 274 -1 113 -1 117 -1 19 -1 1479 -1 71 -1 122 -1 2167 -1 -2
1 -1 1 -1 1 -1 172 -1 218 -1 347 -1 1067 -1 18 -1 1908 -1 92 -1 270 -1 18 -1 225 -1 17 -1 1214 -1 103 -1 181 -1 71 -1 1908 -1 14 -1 71 -1 270 -1 17 -1 71 -1 1013 -1 -2
310 -1 234 -1 26 -1 4203 -1 18 -1 2659 -1 14 -1 847 -1 160 -1 52 -1 1726 -1 71 -1 117 -1 224 -1 18 -1 8 -1 870 -1 30 -1 810 -1 395 -1 71 -1 212 -1 881 -1 71 -1 163 -1 586 -1 8 -1 1325 -1 3 -1 96 -1 117 -1 19 -1 231 -1 290 -1 1205 -1 71 -1 756 -1 758 -1 209 -1 138 -1 219 -1 918 -1 14 -1 209 -1 138 -1 219 -1 918 -1 52 -1 71 -1 994 -1 -2
39 -1 591 -1 101 -1 1272 -1 17 -1 52 -1 402 -1 14 -1 1158 -1 212 -1 23 -1 7122 -1 17 -1 2406 -1 -2
14 -1 117 -1 4980 -1 29 -1 7388 -1 92 -1 7389 -1 299 -1 4705 -1 3002 -1 7390 -1 -2
1 -1 1 -1 1 -1 1389 -1 2221 -1 17 -1 230 -1 1479 -1 71 -1 8 -1 418 -1 1221 -1 18 -1 8 -1 1378 -1 8 -1 1973 -1 18 -1 415 -1 3029 -1 96 -1 3029 -1 50 -1 3373 -1 216 -1 908 -1 47 -1 18 -1 40 -1 296 -1 186 -1 71 -1 125 -1 64 -1 265 -1 235 -1 39 -1 602 -1 599 -1 307 -1 292 -1 3205 -1 8 -1 186 -1 354 -1 307 -1 1479 -1 20 -1 122 -1 932 -1 14 -1 146 -1 274 -1 3997 -1 71 -1 307 -1 -2
96 -1 17 -1 20 -1 199 -1 20 -1 71 -1 53 -1 71 -1 4622 -1 224 -1 19 -1 92 -1 4620 -1 18 -1 206 -1 71 -1 1708 -1 227 -1 707 -1 14 -1 117 -1 224 -1 71 -1 319 -1 14 -1 1969 -1 263 -1 71 -1 290 -1 1267 -1 18 -1 600 -1 265 -1 29 -1 25 -1 4538 -1 227 -1 707 -1 274 -1 831 -1 92 -1 400 -1 71 -1 290 -1 4623 -1 21 -1 209 -1 24 -1 96 -1 3223 -1 8 -1 930 -1 1263 -1 14 -1 134 -1 14 -1 2355 -1 71 -1 4417 -1 227 -1 1335 -1 117 -1 224 -1 71 -1 122 -1 147 -1 14 -1 227 -1 2479 -1 71 -1 122 -1 932 -1 -2
1 -1 1 -1 1 -1 3976 -1 18 -1 312 -1 17 -1 3 -1 2263 -1 1217 -1 262 -1 4321 -1 14 -1 4322 -1 -2
1 -1 1 -1 1 -1 388 -1 860 -1 1125 -1 1825 -1 8 -1 905 -1 18 -1 962 -1 17 -1 21 -1 3134 -1 -2
310 -1 103 -1 8 -1 186 -1 7273 -1 18 -1 8 -1 126 -1 4766 -1 175 -1 2305 -1 30 -1 381 -1 74 -1 514 -1 20 -1 124 -1 181 -1 1422 -1 21 -1 58 -1 14 -1 5823 -1 71 -1 8 -1 995 -1 18 -1 8 -1 72 -1 1270 -1 14 -1 632 -1 538 -1 6026 -1 29 -1 265 -1 29 -1 274 -1 221 -1 30 -1 299 -1 40 -1 881 -1 306 -1 71 -1 290 -1 5718 -1 274 -1 290 -1 5718 -1 3 -1 30 -1 -2
310 -1 71 -1 314 -1 40 -1 19 -1 92 -1 347 -1 23 -1 493 -1 3 -1 8 -1 403 -1 71 -1 8 -1 442 -1 17 -1 645 -1 567 -1 71 -1 1814 -1 101 -1 266 -1 30 -1 17 -1 1135 -1 71 -1 8 -1 446 -1 3 -1 40 -1 731 -1 -2
39 -1 26 -1 17 -1 1611 -1 18 -1 8 -1 2015 -1 18 -1 11 -1 14 -1 18 -1 227 -1 7582 -1 71 -1 719 -1 976 -1 52 -1 18 -1 40 -1 38 -1 617 -1 1968 -1 14 -1 21 -1 8 -1 126 -1 391 -1 29 -1 11 -1 505 -1 71 -1 1269 -1 29 -1 381 -1 8 -1 648 -1 265 -1 1103 -1 5091 -1 18 -1 8 -1 3694 -1 3421 -1 265 -1 1103 -1 6956 -1 4915 -1 292 -1 29 -1 604 -1 4363 -1 265 -1 75 -1 40 -1 848 -1 19 -1 3 -1 1696 -1 39 -1 52 -1 3 -1 112 -1 1045 -1 1178 -1 40 -1 2317 -1 4813 -1 568 -1 -2
310 -1 8 -1 188 -1 21 -1 117 -1 193 -1 17 -1 8 -1 2300 -1 4488 -1 18 -1 54 -1 8 -1 2376 -1 14 -1 632 -1 212 -1 23 -1 31 -1 290 -1 4488 -1 18 -1 347 -1 47 -1 18 -1 318 -1 39 -1 25 -1 1835 -1 519 -1 20 -1 265 -1 274 -1 211 -1 1535 -1 -2
1364 -1 1769 -1 52 -1 8 -1 7678 -1 18 -1 11 -1 274 -1 323 -1 272 -1 318 -1 39 -1 8 -1 7678 -1 18 -1 11 -1 4096 -1 272 -1 318 -1 14 -1 52 -1 29 -1 219 -1 274 -1 265 -1 4191 -1 39 -1 29 -1 219 -1 124 -1 4191 -1 1942 -1 -2
182 -1 71 -1 218 -1 71 -1 922 -1 29 -1 294 -1 96 -1 51 -1 63 -1 1333 -1 96 -1 17 -1 71 -1 1334 -1 14 -1 256 -1 224 -1 225 -1 -2
212 -1 591 -1 632 -1 17 -1 30 -1 6929 -1 71 -1 1788 -1 2412 -1 92 -1 8930 -1 900 -1 8 -1 8917 -1 18 -1 2700 -1 3 -1 96 -1 219 -1 160 -1 617 -1 377 -1 230 -1 71 -1 4120 -1 586 -1 18 -1 40 -1 296 -1 73 -1 -2
20 -1 266 -1 8 -1 186 -1 18 -1 4158 -1 1526 -1 96 -1 17 -1 8 -1 6399 -1 939 -1 592 -1 5975 -1 381 -1 40 -1 1285 -1 4620 -1 8 -1 186 -1 18 -1 2584 -1 14 -1 1788 -1 96 -1 17 -1 8 -1 4070 -1 939 -1 381 -1 224 -1 19 -1 14 -1 8 -1 186 -1 18 -1 935 -1 145 -1 96 -1 17 -1 8 -1 83 -1 939 -1 381 -1 8 -1 6400 -1 1985 -1 52 -1 306 -1 18 -1 209 -1 988 -1 39 -1 27 -1 18 -1 40 -1 1783 -1 -2
310 -1 8 -1 126 -1 124 -1 8 -1 4057 -1 3 -1 96 -1 206 -1 124 -1 3442 -1 14 -1 1357 -1 -2
25 -1 31 -1 265 -1 27 -1 211 -1 178 -1 71 -1 209 -1 3595 -1 14 -1 32 -1 318 -1 21 -1 7505 -1 8769 -1 92 -1 8954 -1 -2
1 -1 1 -1 1 -1 3310 -1 29 -1 2367 -1 227 -1 319 -1 3311 -1 124 -1 21 -1 3312 -1 14 -1 150 -1 1829 -1 3313 -1 103 -1 2925 -1 101 -1 219 -1 29 -1 1875 -1 58 -1 215 -1 92 -1 913 -1 -2
1 -1 1 -1 1 -1 310 -1 436 -1 8 -1 285 -1 18 -1 40 -1 296 -1 73 -1 17 -1 21 -1 667 -1 1984 -1 30 -1 17 -1 755 -1 29 -1 54 -1 8 -1 126 -1 24 -1 1103 -1 1383 -1 400 -1 21 -1 307 -1 8 -1 126 -1 1609 -1 14 -1 1610 -1 -2
172 -1 2990 -1 2153 -1 21 -1 8 -1 126 -1 503 -1 71 -1 209 -1 29 -1 1061 -1 30 -1 17 -1 71 -1 2435 -1 -2
227 -1 1116 -1 75 -1 4242 -1 21 -1 8 -1 665 -1 18 -1 8 -1 4620 -1 197 -1 3719 -1 212 -1 2810 -1 8 -1 2672 -1 75 -1 855 -1 14 -1 265 -1 8 -1 4258 -1 1828 -1 71 -1 8 -1 107 -1 14 -1 96 -1 17 -1 8 -1 46 -1 898 -1 8 -1 4953 -1 18 -1 122 -1 831 -1 5975 -1 5643 -1 272 -1 40 -1 3479 -1 9454 -1 3 -1 2667 -1 44 -1 265 -1 810 -1 212 -1 400 -1 71 -1 893 -1 -2
36 -1 97 -1 8 -1 905 -1 18 -1 40 -1 188 -1 4646 -1 602 -1 290 -1 3269 -1 3 -1 8 -1 831 -1 18 -1 225 -1 80 -1 8 -1 3284 -1 18 -1 8 -1 130 -1 50 -1 -2
1 -1 1 -1 1 -1 781 -1 2217 -1 8 -1 1481 -1 587 -1 92 -1 1959 -1 419 -1 2223 -1 71 -1 8 -1 484 -1 92 -1 71 -1 8 -1 2224 -1 179 -1 17 -1 29 -1 51 -1 390 -1 8 -1 147 -1 8 -1 831 -1 52 -1 8 -1 939 -1 18 -1 2225 -1 -2
1 -1 1 -1 1 -1 7801 -1 1599 -1 632 -1 181 -1 21 -1 5451 -1 14 -1 3809 -1 1993 -1 20 -1 2667 -1 858 -1 8 -1 707 -1 11 -1 96 -1 11 -1 292 -1 29 -1 604 -1 4363 -1 39 -1 52 -1 685 -1 17 -1 90 -1 8 -1 2580 -1 14 -1 214 -1 500 -1 224 -1 14 -1 8 -1 126 -1 1585 -1 17 -1 224 -1 707 -1 20 -1 4512 -1 3 -1 2667 -1 14 -1 225 -1 707 -1 20 -1 4512 -1 3 -1 1212 -1 4533 -1 8 -1 1025 -1 -2
1 -1 1 -1 1 -1 36 -1 8 -1 400 -1 18 -1 8 -1 108 -1 18 -1 19 -1 219 -1 53 -1 9234 -1 9235 -1 14 -1 9236 -1 9237 -1 -2
6002 -1 2061 -1 18 -1 26 -1 592 -1 13 -1 1017 -1 220 -1 318 -1 328 -1 6003 -1 181 -1 71 -1 58 -1 14 -1 922 -1 29 -1 2320 -1 29 -1 8 -1 162 -1 463 -1 18 -1 8 -1 393 -1 97 -1 6004 -1 299 -1 8 -1 270 -1 18 -1 11 -1 290 -1 5711 -1 -2
229 -1 54 -1 206 -1 140 -1 29 -1 8 -1 6479 -1 71 -1 26 -1 356 -1 18 -1 357 -1 1191 -1 52 -1 25 -1 199 -1 292 -1 8 -1 1125 -1 18 -1 8 -1 178 -1 20 -1 292 -1 8 -1 1626 -1 18 -1 318 -1 29 -1 124 -1 71 -1 232 -1 -2
388 -1 16 -1 175 -1 684 -1 52 -1 8 -1 1244 -1 306 -1 29 -1 4300 -1 8 -1 9180 -1 18 -1 30 -1 2801 -1 206 -1 39 -1 8 -1 7071 -1 29 -1 17 -1 8 -1 72 -1 9181 -1 18 -1 54 -1 24 -1 29 -1 124 -1 17 -1 6077 -1 29 -1 17 -1 71 -1 53 -1 73 -1 14 -1 12 -1 8 -1 6630 -1 18 -1 1202 -1 562 -1 1407 -1 9182 -1 14 -1 6779 -1 -2
781 -1 54 -1 96 -1 197 -1 17 -1 212 -1 444 -1 161 -1 54 -1 103 -1 8 -1 3379 -1 18 -1 1584 -1 29 -1 17 -1 71 -1 53 -1 7176 -1 6379 -1 -2
1 -1 1 -1 1 -1 2267 -1 1899 -1 21 -1 2268 -1 209 -1 24 -1 96 -1 40 -1 19 -1 292 -1 604 -1 71 -1 604 -1 2269 -1 29 -1 17 -1 71 -1 53 -1 667 -1 2270 -1 17 -1 29 -1 206 -1 390 -1 2271 -1 175 -1 684 -1 8 -1 2271 -1 18 -1 26 -1 38 -1 -2
172 -1 209 -1 632 -1 104 -1 186 -1 17 -1 6681 -1 8 -1 3378 -1 18 -1 54 -1 206 -1 6636 -1 1144 -1 3 -1 227 -1 1761 -1 18 -1 186 -1 14 -1 1158 -1 30 -1 17 -1 292 -1 29 -1 186 -1 29 -1 8 -1 2483 -1 612 -1 206 -1 14 -1 8 -1 905 -1 18 -1 6682 -1 206 -1 161 -1 122 -1 1341 -1 5773 -1 1144 -1 71 -1 11 -1 2587 -1 52 -1 20 -1 6683 -1 14 -1 6684 -1 39 -1 20 -1 3457 -1 -2
1 -1 1 -1 1 -1 3246 -1 18 -1 128 -1 1214 -1 1788 -1 92 -1 23 -1 186 -1 3247 -1 71 -1 1867 -1 3248 -1 14 -1 153 -1 436 -1 8 -1 543 -1 18 -1 224 -1 2204 -1 71 -1 8 -1 2058 -1 18 -1 122 -1 278 -1 17 -1 71 -1 3249 -1 3250 -1 2208 -1 92 -1 3251 -1 8 -1 23 -1 -2
310 -1 26 -1 17 -1 4041 -1 71 -1 290 -1 1421 -1 3 -1 54 -1 206 -1 21 -1 29 -1 219 -1 1480 -1 4189 -1 71 -1 112 -1 14 -1 1119 -1 299 -1 1353 -1 206 -1 815 -1 29 -1 74 -1 4189 -1 63 -1 4190 -1 71 -1 8 -1 2672 -1 3 -1 96 -1 219 -1 124 -1 4191 -1 -2
2509 -1 17 -1 27 -1 2227 -1 2672 -1 71 -1 53 -1 29 -1 212 -1 213 -1 274 -1 290 -1 1801 -1 2227 -1 40 -1 1138 -1 18 -1 2672 -1 -2
5513 -1 17 -1 8 -1 2728 -1 29 -1 40 -1 193 -1 4109 -1 20 -1 224 -1 707 -1 -2
1 -1 1 -1 1 -1 229 -1 74 -1 20 -1 124 -1 2368 -1 3 -1 187 -1 306 -1 18 -1 45 -1 1673 -1 2250 -1 18 -1 40 -1 793 -1 247 -1 97 -1 219 -1 290 -1 2756 -1 124 -1 1260 -1 1913 -1 759 -1 1673 -1 4720 -1 18 -1 8 -1 193 -1 436 -1 1218 -1 18 -1 227 -1 312 -1 63 -1 8 -1 193 -1 103 -1 1267 -1 -2
1 -1 1 -1 1 -1 36 -1 8 -1 2690 -1 17 -1 293 -1 824 -1 8 -1 2690 -1 17 -1 293 -1 7754 -1 8 -1 2690 -1 17 -1 293 -1 2992 -1 265 -1 147 -1 1972 -1 169 -1 -2
14 -1 5216 -1 22 -1 696 -1 3256 -1 71 -1 8 -1 9397 -1 18 -1 8 -1 1913 -1 106 -1 -2
948 -1 2672 -1 31 -1 335 -1 290 -1 2227 -1 146 -1 293 -1 1671 -1 124 -1 1678 -1 -2
39 -1 284 -1 124 -1 645 -1 1640 -1 436 -1 219 -1 1641 -1 227 -1 1348 -1 96 -1 8 -1 23 -1 125 -1 52 -1 -2
1 -1 1 -1 1 -1 229 -1 265 -1 8433 -1 23 -1 761 -1 18 -1 8 -1 6887 -1 2687 -1 29 -1 124 -1 52 -1 25 -1 289 -1 71 -1 290 -1 6199 -1 -2
1198 -1 8 -1 3814 -1 14 -1 227 -1 5193 -1 124 -1 71 -1 994 -1 39 -1 8 -1 437 -1 1325 -1 18 -1 6745 -1 96 -1 2590 -1 219 -1 63 -1 212 -1 187 -1 71 -1 2990 -1 4860 -1 14 -1 234 -1 219 -1 744 -1 52 -1 219 -1 63 -1 212 -1 187 -1 71 -1 4548 -1 -2
1 -1 1 -1 1 -1 388 -1 934 -1 124 -1 8793 -1 175 -1 53 -1 142 -1 542 -1 29 -1 197 -1 290 -1 45 -1 18 -1 318 -1 29 -1 1403 -1 1381 -1 96 -1 274 -1 52 -1 420 -1 18 -1 154 -1 1045 -1 219 -1 63 -1 517 -1 8 -1 2483 -1 18 -1 11 -1 323 -1 299 -1 186 -1 -2
2780 -1 29 -1 1061 -1 8 -1 673 -1 18 -1 2538 -1 14 -1 152 -1 2728 -1 52 -1 21 -1 8 -1 2757 -1 18 -1 8 -1 6721 -1 39 -1 21 -1 8 -1 934 -1 8967 -1 14 -1 8968 -1 1350 -1 58 -1 -2
310 -1 80 -1 225 -1 2992 -1 18 -1 2993 -1 92 -1 8 -1 126 -1 225 -1 604 -1 71 -1 224 -1 29 -1 3006 -1 103 -1 45 -1 89 -1 2908 -1 71 -1 3007 -1 224 -1 18 -1 8 -1 2998 -1 3008 -1 818 -1 307 -1 1535 -1 25 -1 71 -1 125 -1 39 -1 299 -1 26 -1 1649 -1 29 -1 265 -1 1103 -1 3007 -1 30 -1 20 -1 8 -1 2998 -1 1424 -1 14 -1 617 -1 30 -1 75 -1 2435 -1 -2
96 -1 17 -1 20 -1 199 -1 20 -1 71 -1 53 -1 7162 -1 2483 -1 17 -1 52 -1 80 -1 323 -1 759 -1 274 -1 542 -1 8797 -1 266 -1 30 -1 274 -1 323 -1 103 -1 30 -1 274 -1 323 -1 20 -1 40 -1 3078 -1 21 -1 8 -1 649 -1 39 -1 175 -1 147 -1 4808 -1 542 -1 8 -1 3689 -1 3690 -1 14 -1 3 -1 307 -1 542 -1 274 -1 63 -1 186 -1 71 -1 1708 -1 2810 -1 71 -1 54 -1 8 -1 16 -1 3 -1 1056 -1 3813 -1 18 -1 351 -1 7183 -1 14 -1 8 -1 2167 -1 175 -1 63 -1 1135 -1 14 -1 8 -1 357 -1 175 -1 63 -1 885 -1 29 -1 219 -1 50 -1 846 -1 21 -1 1017 -1 14 -1 1450 -1 3401 -1 38 -1 161 -1 351 -1 534 -1 976 -1 -2
1363 -1 75 -1 3789 -1 586 -1 18 -1 1119 -1 30 -1 235 -1 52 -1 290 -1 3692 -1 39 -1 266 -1 8 -1 7125 -1 505 -1 265 -1 75 -1 161 -1 8 -1 6200 -1 219 -1 505 -1 30 -1 75 -1 122 -1 6835 -1 3 -1 96 -1 343 -1 290 -1 241 -1 40 -1 6077 -1 1585 -1 92 -1 51 -1 343 -1 53 -1 8 -1 7024 -1 58 -1 858 -1 994 -1 8 -1 930 -1 868 -1 18 -1 181 -1 2658 -1 14 -1 862 -1 29 -1 45 -1 74 -1 895 -1 160 -1 52 -1 7123 -1 39 -1 496 -1 14 -1 74 -1 20 -1 3719 -1 52 -1 8 -1 440 -1 18 -1 19 -1 103 -1 227 -1 6666 -1 -2
1 -1 1 -1 1 -1 781 -1 96 -1 934 -1 51 -1 63 -1 8 -1 414 -1 292 -1 662 -1 3825 -1 17 -1 71 -1 1191 -1 5076 -1 40 -1 1555 -1 5551 -1 8 -1 4916 -1 18 -1 30 -1 40 -1 7156 -1 29 -1 274 -1 52 -1 290 -1 712 -1 350 -1 271 -1 -2
39 -1 26 -1 17 -1 212 -1 23 -1 187 -1 101 -1 29 -1 18 -1 54 -1 23 -1 2673 -1 357 -1 5823 -1 71 -1 146 -1 8 -1 3676 -1 44 -1 124 -1 145 -1 52 -1 13 -1 39 -1 3401 -1 -2
36 -1 8 -1 285 -1 18 -1 296 -1 174 -1 17 -1 18 -1 435 -1 567 -1 71 -1 278 -1 2131 -1 -2
1 -1 1 -1 1 -1 1066 -1 210 -1 34 -1 45 -1 63 -1 227 -1 934 -1 14 -1 312 -1 4494 -1 3 -1 209 -1 138 -1 219 -1 4477 -1 -2
310 -1 49 -1 124 -1 52 -1 27 -1 8 -1 3512 -1 18 -1 332 -1 6368 -1 25 -1 22 -1 145 -1 39 -1 29 -1 30 -1 17 -1 52 -1 8 -1 2247 -1 641 -1 18 -1 1944 -1 39 -1 33 -1 2300 -1 2729 -1 71 -1 40 -1 707 -1 29 -1 530 -1 122 -1 3512 -1 145 -1 -2
36 -1 30 -1 592 -1 395 -1 1942 -1 784 -1 29 -1 470 -1 8 -1 188 -1 4488 -1 31 -1 125 -1 71 -1 40 -1 567 -1 381 -1 64 -1 1895 -1 1674 -1 31 -1 715 -1 290 -1 90 -1 3762 -1 92 -1 2072 -1 436 -1 117 -1 567 -1 17 -1 1267 -1 18 -1 117 -1 831 -1 8 -1 188 -1 61 -1 25 -1 29 -1 265 -1 335 -1 4878 -1 905 -1 71 -1 347 -1 493 -1 1446 -1 101 -1 20 -1 265 -1 263 -1 17 -1 8 -1 567 -1 18 -1 11 -1 14 -1 3442 -1 275 -1 71 -1 764 -1 8 -1 145 -1 18 -1 174 -1 -2
1 -1 1 -1 1 -1 2509 -1 17 -1 52 -1 632 -1 8 -1 2925 -1 29 -1 4030 -1 8 -1 905 -1 18 -1 3378 -1 612 -1 8 -1 2749 -1 39 -1 122 -1 319 -1 3734 -1 -2
1518 -1 125 -1 175 -1 220 -1 29 -1 284 -1 124 -1 54 -1 8 -1 3501 -1 29 -1 63 -1 395 -1 354 -1 21 -1 8 -1 2353 -1 292 -1 8 -1 162 -1 7519 -1 18 -1 8 -1 862 -1 39 -1 219 -1 124 -1 54 -1 29 -1 175 -1 31 -1 103 -1 8 -1 410 -1 390 -1 71 -1 393 -1 -2
693 -1 8 -1 2251 -1 18 -1 1022 -1 5052 -1 71 -1 11 -1 75 -1 26 -1 -2
1 -1 1 -1 1 -1 907 -1 40 -1 19 -1 632 -1 1103 -1 1012 -1 40 -1 7832 -1 21 -1 8 -1 112 -1 18 -1 122 -1 541 -1 20 -1 8 -1 5935 -1 3612 -1 14 -1 2677 -1 18 -1 8 -1 870 -1 2707 -1 293 -1 1599 -1 1389 -1 64 -1 187 -1 5105 -1 4433 -1 284 -1 24 -1 14 -1 1232 -1 818 -1 4105 -1 26 -1 8336 -1 -2
2405 -1 30 -1 530 -1 470 -1 71 -1 8 -1 186 -1 18 -1 347 -1 7832 -1 553 -1 265 -1 63 -1 8 -1 152 -1 107 -1 64 -1 356 -1 18 -1 2913 -1 17 -1 8 -1 1142 -1 436 -1 227 -1 1090 -1 17 -1 52 -1 71 -1 341 -1 206 -1 3 -1 1564 -1 39 -1 71 -1 256 -1 318 -1 14 -1 5677 -1 318 -1 3 -1 2348 -1 14 -1 1535 -1 30 -1 71 -1 318 -1 71 -1 176 -1 579 -1 219 -1 274 -1 7276 -1 92 -1 6341 -1 8 -1 357 -1 885 -1 -2
502 -1 8 -1 870 -1 18 -1 8 -1 2658 -1 160 -1 6340 -1 779 -1 71 -1 6341 -1 11 -1 14 -1 71 -1 390 -1 272 -1 8 -1 1143 -1 3799 -1 103 -1 40 -1 2992 -1 568 -1 8 -1 641 -1 18 -1 8 -1 3079 -1 -2
1 -1 1 -1 1 -1 1327 -1 5809 -1 18 -1 7227 -1 103 -1 8 -1 848 -1 17 -1 29 -1 96 -1 175 -1 63 -1 685 -1 1775 -1 96 -1 265 -1 8889 -1 71 -1 8 -1 1035 -1 414 -1 18 -1 5741 -1 -2
6269 -1 632 -1 8 -1 905 -1 18 -1 4690 -1 181 -1 8 -1 3727 -1 14 -1 8 -1 861 -1 160 -1 4735 -1 -2
1 -1 1 -1 1 -1 465 -1 40 -1 5530 -1 759 -1 40 -1 2443 -1 18 -1 247 -1 234 -1 51 -1 176 -1 299 -1 212 -1 187 -1 111 -1 92 -1 1788 -1 39 -1 306 -1 18 -1 70 -1 3349 -1 71 -1 8 -1 188 -1 266 -1 30 -1 17 -1 2406 -1 92 -1 18 -1 5531 -1 30 -1 266 -1 30 -1 17 -1 52 -1 2406 -1 17 -1 40 -1 1913 -1 707 -1 -2
36 -1 8 -1 188 -1 17 -1 2300 -1 612 -1 181 -1 1614 -1 92 -1 468 -1 197 -1 17 -1 212 -1 107 -1 161 -1 54 -1 14 -1 25 -1 117 -1 19 -1 50 -1 4183 -1 4663 -1 263 -1 234 -1 265 -1 31 -1 299 -1 122 -1 319 -1 3377 -1 96 -1 17 -1 8 -1 1508 -1 18 -1 153 -1 -2
852 -1 21 -1 40 -1 192 -1 97 -1 40 -1 4307 -1 52 -1 71 -1 290 -1 18 -1 8 -1 1014 -1 861 -1 17 -1 5224 -1 436 -1 8 -1 3826 -1 1893 -1 29 -1 54 -1 2345 -1 124 -1 122 -1 2376 -1 -2
1 -1 1 -1 1 -1 168 -1 169 -1 242 -1 176 -1 64 -1 8 -1 1270 -1 3510 -1 21 -1 8 -1 126 -1 898 -1 -2
36 -1 4201 -1 17 -1 71 -1 290 -1 243 -1 39 -1 20 -1 1042 -1 18 -1 1124 -1 14 -1 443 -1 21 -1 8 -1 81 -1 4203 -1 14 -1 2294 -1 18 -1 558 -1 -2
36 -1 29 -1 96 -1 487 -1 52 -1 599 -1 40 -1 19 -1 292 -1 4149 -1 918 -1 52 -1 71 -1 290 -1 1801 -1 20 -1 40 -1 2086 -1 18 -1 4150 -1 -2
20 -1 17 -1 27 -1 591 -1 4866 -1 3824 -1 3 -1 8 -1 126 -1 1143 -1 310 -1 219 -1 29 -1 17 -1 8 -1 862 -1 1232 -1 810 -1 347 -1 6873 -1 21 -1 7307 -1 274 -1 1561 -1 54 -1 1056 -1 7762 -1 103 -1 33 -1 5531 -1 71 -1 8 -1 2690 -1 586 -1 18 -1 54 -1 3079 -1 272 -1 3000 -1 14 -1 21 -1 5033 -1 14 -1 21 -1 7763 -1 14 -1 272 -1 7764 -1 14 -1 272 -1 2387 -1 947 -1 71 -1 351 -1 890 -1 7765 -1 5076 -1 1769 -1 8 -1 2690 -1 20 -1 8 -1 1842 -1 18 -1 3778 -1 1561 -1 33 -1 5531 -1 21 -1 40 -1 2452 -1 7766 -1 262 -1 8 -1 2487 -1 18 -1 8 -1 2690 -1 -2
310 -1 219 -1 1024 -1 142 -1 307 -1 577 -1 1842 -1 29 -1 265 -1 1103 -1 1320 -1 122 -1 1356 -1 381 -1 318 -1 14 -1 2950 -1 -2
1 -1 1 -1 1 -1 1 -1 1 -1 1 -1 1 -1 1 -1 1 -1 1 -1 1 -1 1 -1 1 -1 1 -1 1 -1 1 -1 1 -1 1 -1 1 -1 1 -1 1 -1 1 -1 1 -1 1 -1 1 -1 1 -1 1 -1 1 -1 1 -1 1 -1 365 -1 5537 -1 1 -1 1 -1 1 -1 1 -1 1 -1 1 -1 1 -1 1 -1 1 -1 1 -1 1 -1 363 -1 360 -1 5538 -1 1644 -1 5539 -1 363 -1 1151 -1 91 -1 1 -1 1 -1 1 -1 360 -1 5538 -1 18 -1 40 -1 193 -1 441 -1 21 -1 8 -1 5540 -1 14 -1 3882 -1 18 -1 5541 -1 4687 -1 71 -1 38 -1 -2
1 -1 1 -1 1 -1 2780 -1 27 -1 71 -1 138 -1 3843 -1 17 -1 811 -1 124 -1 1913 -1 4720 -1 -2
682 -1 214 -1 293 -1 2015 -1 21 -1 7227 -1 14 -1 8 -1 187 -1 18 -1 3511 -1 4766 -1 214 -1 52 -1 71 -1 290 -1 1320 -1 350 -1 1045 -1 8 -1 648 -1 18 -1 932 -1 103 -1 29 -1 17 -1 4866 -1 7345 -1 3 -1 5061 -1 -2
581 -1 278 -1 1041 -1 8 -1 754 -1 18 -1 45 -1 1042 -1 51 -1 63 -1 517 -1 481 -1 8 -1 276 -1 18 -1 29 -1 96 -1 51 -1 1043 -1 161 -1 14 -1 292 -1 8 -1 754 -1 18 -1 29 -1 8 -1 754 -1 18 -1 1042 -1 71 -1 29 -1 684 -1 14 -1 25 -1 1044 -1 1045 -1 51 -1 323 -1 71 -1 45 -1 43 -1 48 -1 293 -1 319 -1 186 -1 -2
1 -1 1 -1 1 -1 581 -1 582 -1 51 -1 50 -1 1688 -1 29 -1 8 -1 2349 -1 18 -1 8 -1 2686 -1 2687 -1 96 -1 51 -1 63 -1 161 -1 26 -1 648 -1 160 -1 52 -1 6858 -1 759 -1 40 -1 2672 -1 142 -1 8 -1 2658 -1 1045 -1 8 -1 6958 -1 18 -1 227 -1 3734 -1 299 -1 11 -1 161 -1 227 -1 1039 -1 292 -1 8 -1 6962 -1 14 -1 7272 -1 18 -1 227 -1 193 -1 900 -1 6870 -1 -2
36 -1 97 -1 30 -1 290 -1 1792 -1 71 -1 53 -1 103 -1 679 -1 21 -1 930 -1 548 -1 8 -1 543 -1 1271 -1 92 -1 1793 -1 1794 -1 92 -1 1795 -1 8 -1 1796 -1 1797 -1 26 -1 92 -1 29 -1 852 -1 1798 -1 602 -1 1799 -1 759 -1 1800 -1 539 -1 80 -1 21 -1 1392 -1 14 -1 1076 -1 18 -1 558 -1 74 -1 1220 -1 124 -1 52 -1 71 -1 290 -1 1801 -1 -2
103 -1 1446 -1 51 -1 140 -1 52 -1 579 -1 293 -1 157 -1 290 -1 4163 -1 92 -1 52 -1 -2
36 -1 197 -1 75 -1 335 -1 347 -1 39 -1 8 -1 2945 -1 3832 -1 306 -1 29 -1 75 -1 71 -1 5401 -1 8 -1 870 -1 18 -1 3508 -1 147 -1 759 -1 347 -1 7253 -1 18 -1 3612 -1 557 -1 1726 -1 71 -1 1531 -1 262 -1 8 -1 7251 -1 7252 -1 -2
1 -1 1 -1 1 -1 5272 -1 478 -1 5267 -1 14 -1 1792 -1 124 -1 209 -1 29 -1 124 -1 1604 -1 316 -1 1231 -1 92 -1 23 -1 405 -1 187 -1 745 -1 8 -1 145 -1 930 -1 71 -1 54 -1 23 -1 2376 -1 -2
14 -1 234 -1 265 -1 160 -1 335 -1 25 -1 2418 -1 80 -1 144 -1 4418 -1 71 -1 409 -1 2250 -1 1376 -1 1861 -1 234 -1 224 -1 290 -1 1801 -1 71 -1 290 -1 824 -1 8 -1 23 -1 17 -1 71 -1 290 -1 1801 -1 27 -1 14 -1 25 -1 8 -1 1693 -1 29 -1 17 -1 8 -1 400 -1 18 -1 153 -1 1393 -1 2227 -1 8 -1 2672 -1 18 -1 174 -1 -2
1 -1 1 -1 1 -1 1111 -1 103 -1 8 -1 205 -1 18 -1 8 -1 6887 -1 2687 -1 219 -1 124 -1 2379 -1 2921 -1 103 -1 6856 -1 3 -1 54 -1 192 -1 6888 -1 14 -1 3 -1 54 -1 6889 -1 18 -1 2345 -1 29 -1 1576 -1 347 -1 205 -1 161 -1 54 -1 103 -1 6858 -1 -2
1 -1 1 -1 1 -1 3035 -1 1246 -1 292 -1 144 -1 880 -1 299 -1 2176 -1 124 -1 2005 -1 20 -1 941 -1 18 -1 1634 -1 -2
310 -1 242 -1 578 -1 183 -1 771 -1 26 -1 357 -1 17 -1 292 -1 8 -1 5115 -1 18 -1 8 -1 860 -1 47 -1 18 -1 8 -1 16 -1 3438 -1 18 -1 284 -1 3115 -1 158 -1 29 -1 63 -1 2756 -1 227 -1 2673 -1 2540 -1 292 -1 3358 -1 14 -1 5161 -1 14 -1 183 -1 199 -1 6779 -1 18 -1 2673 -1 508 -1 17 -1 2406 -1 21 -1 318 -1 29 -1 63 -1 8 -1 4160 -1 18 -1 8 -1 188 -1 186 -1 175 -1 538 -1 161 -1 8 -1 898 -1 18 -1 2341 -1 26 -1 351 -1 1321 -1 20 -1 6167 -1 20 -1 8 -1 193 -1 18 -1 5775 -1 -2
2637 -1 21 -1 40 -1 6156 -1 18 -1 8 -1 2672 -1 71 -1 2320 -1 347 -1 898 -1 92 -1 125 -1 347 -1 831 -1 29 -1 4204 -1 71 -1 8 -1 3777 -1 18 -1 8 -1 188 -1 186 -1 17 -1 40 -1 98 -1 1116 -1 101 -1 21 -1 225 -1 19 -1 -2
14 -1 1158 -1 212 -1 2385 -1 18 -1 8 -1 1244 -1 212 -1 3933 -1 759 -1 537 -1 18 -1 8 -1 1316 -1 29 -1 50 -1 290 -1 3934 -1 3 -1 2567 -1 212 -1 3935 -1 3936 -1 212 -1 2888 -1 18 -1 2026 -1 14 -1 3937 -1 74 -1 24 -1 20 -1 2013 -1 199 -1 1204 -1 212 -1 294 -1 18 -1 8 -1 3649 -1 18 -1 8 -1 1244 -1 212 -1 1434 -1 18 -1 604 -1 212 -1 1332 -1 212 -1 1231 -1 212 -1 1261 -1 14 -1 96 -1 17 -1 3938 -1 18 -1 54 -1 667 -1 270 -1 14 -1 2092 -1 18 -1 3939 -1 154 -1 14 -1 8 -1 38 -1 18 -1 19 -1 3940 -1 3338 -1 3941 -1 3942 -1 14 -1 825 -1 -2
388 -1 2483 -1 265 -1 7957 -1 75 -1 71 -1 290 -1 21 -1 225 -1 16 -1 -2
234 -1 8 -1 3254 -1 18 -1 8 -1 5917 -1 175 -1 538 -1 52 -1 5562 -1 29 -1 942 -1 219 -1 71 -1 138 -1 74 -1 1214 -1 17 -1 811 -1 160 -1 591 -1 2606 -1 266 -1 219 -1 6874 -1 101 -1 175 -1 538 -1 29 -1 538 -1 2803 -1 -2
1 -1 1 -1 1 -1 6230 -1 114 -1 17 -1 29 -1 96 -1 441 -1 52 -1 306 -1 21 -1 8 -1 6225 -1 18 -1 40 -1 785 -1 18 -1 1526 -1 39 -1 27 -1 18 -1 3586 -1 92 -1 347 -1 23 -1 4077 -1 96 -1 124 -1 1870 -1 5007 -1 14 -1 6231 -1 103 -1 1526 -1 -2
29 -1 1045 -1 248 -1 8 -1 977 -1 787 -1 18 -1 6302 -1 8 -1 6545 -1 8 -1 186 -1 18 -1 8 -1 3826 -1 75 -1 1383 -1 6546 -1 2227 -1 8 -1 186 -1 18 -1 8 -1 193 -1 2174 -1 3 -1 8 -1 511 -1 14 -1 29 -1 8 -1 304 -1 3 -1 25 -1 22 -1 6509 -1 2227 -1 8 -1 188 -1 186 -1 18 -1 8 -1 2992 -1 14 -1 3 -1 25 -1 22 -1 1671 -1 14 -1 922 -1 29 -1 810 -1 227 -1 287 -1 197 -1 17 -1 40 -1 1272 -1 2557 -1 29 -1 97 -1 8 -1 511 -1 160 -1 52 -1 1475 -1 18 -1 209 -1 877 -1 304 -1 80 -1 219 -1 4284 -1 52 -1 183 -1 71 -1 3887 -1 8 -1 1421 -1 -2
4962 -1 1586 -1 40 -1 19 -1 4183 -1 2000 -1 265 -1 4963 -1 4273 -1 -2
36 -1 234 -1 272 -1 8 -1 6214 -1 18 -1 40 -1 114 -1 154 -1 994 -1 52 -1 21 -1 8 -1 2757 -1 18 -1 8 -1 6228 -1 8 -1 114 -1 17 -1 52 -1 71 -1 290 -1 2927 -1 5224 -1 97 -1 8 -1 2522 -1 1896 -1 3726 -1 3 -1 33 -1 376 -1 52 -1 71 -1 290 -1 4267 -1 21 -1 96 -1 322 -1 154 -1 17 -1 52 -1 5950 -1 39 -1 6229 -1 -2
492 -1 8 -1 389 -1 8121 -1 163 -1 318 -1 3 -1 17 -1 1388 -1 71 -1 8 -1 697 -1 1378 -1 6341 -1 -2
781 -1 785 -1 54 -1 259 -1 29 -1 481 -1 2550 -1 14 -1 2551 -1 254 -1 124 -1 90 -1 3 -1 8 -1 1285 -1 731 -1 18 -1 2412 -1 -2
502 -1 29 -1 71 -1 307 -1 29 -1 487 -1 479 -1 8 -1 741 -1 18 -1 209 -1 1062 -1 8 -1 3400 -1 18 -1 54 -1 311 -1 940 -1 312 -1 235 -1 744 -1 1018 -1 -2
310 -1 632 -1 30 -1 50 -1 14 -1 61 -1 711 -1 736 -1 21 -1 2818 -1 29 -1 40 -1 567 -1 50 -1 290 -1 1320 -1 71 -1 154 -1 3 -1 8 -1 1788 -1 18 -1 8 -1 188 -1 186 -1 14 -1 80 -1 1260 -1 125 -1 8 -1 23 -1 1347 -1 20 -1 266 -1 5152 -1 504 -1 122 -1 5153 -1 71 -1 290 -1 3643 -1 -2
14 -1 617 -1 30 -1 75 -1 6256 -1 3 -1 2667 -1 20 -1 175 -1 63 -1 505 -1 685 -1 4502 -1 7846 -1 21 -1 74 -1 641 -1 20 -1 219 -1 7204 -1 292 -1 29 -1 604 -1 4363 -1 8 -1 949 -1 2483 -1 18 -1 11 -1 104 -1 4489 -1 75 -1 2667 -1 103 -1 122 -1 319 -1 604 -1 -2
310 -1 21 -1 8 -1 2261 -1 18 -1 732 -1 2290 -1 30 -1 290 -1 2291 -1 197 -1 17 -1 33 -1 787 -1 103 -1 29 -1 604 -1 -2
465 -1 17 -1 26 -1 8408 -1 71 -1 40 -1 731 -1 33 -1 2551 -1 493 -1 21 -1 930 -1 548 -1 -2
1 -1 1 -1 1 -1 172 -1 211 -1 89 -1 2956 -1 71 -1 40 -1 19 -1 17 -1 71 -1 1214 -1 307 -1 436 -1 30 -1 17 -1 2957 -1 18 -1 105 -1 14 -1 2958 -1 18 -1 186 -1 -2
1066 -1 8 -1 4953 -1 18 -1 30 -1 26 -1 27 -1 17 -1 33 -1 2557 -1 29 -1 600 -1 4775 -1 31 -1 3434 -1 3 -1 70 -1 40 -1 2483 -1 71 -1 40 -1 4307 -1 50 -1 3434 -1 27 -1 3 -1 25 -1 4954 -1 299 -1 2920 -1 20 -1 8 -1 905 -1 18 -1 962 -1 50 -1 4260 -1 272 -1 318 -1 -2
310 -1 632 -1 492 -1 197 -1 290 -1 469 -1 4896 -1 48 -1 8 -1 3378 -1 18 -1 40 -1 193 -1 14 -1 21 -1 209 -1 4896 -1 384 -1 18 -1 145 -1 96 -1 377 -1 124 -1 90 -1 8 -1 2511 -1 18 -1 409 -1 462 -1 5329 -1 51 -1 124 -1 52 -1 71 -1 535 -1 29 -1 74 -1 2511 -1 63 -1 227 -1 1204 -1 306 -1 292 -1 1407 -1 18 -1 604 -1 39 -1 29 -1 219 -1 160 -1 3117 -1 145 -1 405 -1 92 -1 1446 -1 13 -1 855 -1 103 -1 8 -1 1620 -1 14 -1 5788 -1 18 -1 227 -1 4766 -1 14 -1 124 -1 242 -1 145 -1 52 -1 3 -1 647 -1 18 -1 8 -1 5789 -1 18 -1 604 -1 39 -1 3 -1 8 -1 1620 -1 18 -1 227 -1 410 -1 4766 -1 -2
310 -1 293 -1 1599 -1 6838 -1 198 -1 388 -1 604 -1 17 -1 7017 -1 14 -1 8 -1 2483 -1 18 -1 11 -1 17 -1 161 -1 403 -1 4342 -1 14 -1 846 -1 8 -1 8663 -1 29 -1 17 -1 8 -1 332 -1 7104 -1 29 -1 8 -1 1025 -1 75 -1 323 -1 -2
14 -1 209 -1 3118 -1 96 -1 836 -1 395 -1 900 -1 8 -1 1014 -1 3169 -1 14 -1 1075 -1 3 -1 29 -1 2672 -1 622 -1 500 -1 74 -1 47 -1 179 -1 20 -1 219 -1 220 -1 2418 -1 390 -1 29 -1 47 -1 8 -1 152 -1 2672 -1 71 -1 756 -1 30 -1 292 -1 8 -1 398 -1 18 -1 227 -1 319 -1 152 -1 145 -1 -2
1 -1 1 -1 1 -1 781 -1 8 -1 276 -1 391 -1 51 -1 221 -1 29 -1 3790 -1 75 -1 791 -1 18 -1 8 -1 2581 -1 18 -1 202 -1 436 -1 2667 -1 810 -1 4035 -1 122 -1 1356 -1 272 -1 307 -1 -2
2725 -1 206 -1 147 -1 92 -1 52 -1 219 -1 343 -1 290 -1 567 -1 1383 -1 71 -1 8 -1 2538 -1 186 -1 -2
1 -1 1 -1 1 -1 388 -1 2221 -1 44 -1 197 -1 17 -1 25 -1 3620 -1 14 -1 2005 -1 3151 -1 21 -1 8 -1 2149 -1 14 -1 508 -1 18 -1 8 -1 2606 -1 629 -1 14 -1 2657 -1 14 -1 21 -1 8 -1 2332 -1 14 -1 732 -1 18 -1 209 -1 29 -1 292 -1 318 -1 63 -1 2756 -1 54 -1 227 -1 2540 -1 21 -1 8 -1 1668 -1 17 -1 52 -1 8 -1 2221 -1 18 -1 129 -1 206 -1 39 -1 8 -1 2221 -1 18 -1 8 -1 193 -1 -2
310 -1 157 -1 316 -1 8 -1 3377 -1 124 -1 39 -1 934 -1 14 -1 18 -1 212 -1 100 -1 71 -1 3309 -1 40 -1 19 -1 161 -1 54 -1 -2
1 -1 1 -1 1 -1 310 -1 632 -1 265 -1 29 -1 530 -1 40 -1 3734 -1 299 -1 8 -1 4475 -1 92 -1 4472 -1 52 -1 921 -1 8 -1 187 -1 265 -1 12 -1 61 -1 30 -1 161 -1 122 -1 319 -1 4506 -1 -2
1 -1 1 -1 1 -1 36 -1 40 -1 1673 -1 19 -1 316 -1 8 -1 187 -1 18 -1 8 -1 193 -1 29 -1 17 -1 71 -1 53 -1 316 -1 4645 -1 292 -1 8 -1 8028 -1 179 -1 71 -1 2739 -1 8 -1 2672 -1 3 -1 122 -1 319 -1 2581 -1 17 -1 225 -1 1490 -1 21 -1 8 -1 1668 -1 -2
5998 -1 5971 -1 52 -1 63 -1 8 -1 3508 -1 18 -1 23 -1 3079 -1 14 -1 21 -1 225 -1 414 -1 2212 -1 2998 -1 29 -1 219 -1 124 -1 2365 -1 -2
1 -1 1 -1 1 -1 581 -1 8 -1 1873 -1 758 -1 8 -1 23 -1 988 -1 1059 -1 18 -1 3508 -1 1378 -1 83 -1 14 -1 6676 -1 197 -1 50 -1 290 -1 3562 -1 71 -1 11 -1 40 -1 6678 -1 2483 -1 102 -1 14 -1 6676 -1 -2
5212 -1 64 -1 2305 -1 39 -1 381 -1 26 -1 3494 -1 18 -1 227 -1 319 -1 5029 -1 4433 -1 71 -1 169 -1 14 -1 51 -1 147 -1 480 -1 4105 -1 39 -1 334 -1 52 -1 11 -1 539 -1 71 -1 169 -1 5030 -1 51 -1 4915 -1 -2
315 -1 21 -1 8 -1 547 -1 1220 -1 18 -1 2593 -1 2138 -1 71 -1 290 -1 842 -1 299 -1 40 -1 2538 -1 2581 -1 96 -1 2671 -1 219 -1 90 -1 2675 -1 14 -1 284 -1 1059 -1 18 -1 3627 -1 1109 -1 160 -1 2472 -1 3628 -1 92 -1 1141 -1 -2
36 -1 97 -1 30 -1 290 -1 1144 -1 1827 -1 80 -1 30 -1 17 -1 3 -1 8 -1 188 -1 186 -1 29 -1 30 -1 17 -1 2672 -1 -2
8 -1 624 -1 390 -1 30 -1 1091 -1 20 -1 30 -1 160 -1 40 -1 1092 -1 18 -1 293 -1 697 -1 312 -1 -2
103 -1 197 -1 75 -1 212 -1 23 -1 1378 -1 18 -1 11 -1 21 -1 29 -1 604 -1 3 -1 96 -1 71 -1 7887 -1 861 -1 39 -1 8 -1 5829 -1 18 -1 2667 -1 96 -1 75 -1 227 -1 152 -1 2672 -1 -2
103 -1 97 -1 117 -1 19 -1 492 -1 265 -1 31 -1 290 -1 410 -1 3 -1 174 -1 1107 -1 71 -1 4668 -1 18 -1 2913 -1 80 -1 492 -1 219 -1 602 -1 290 -1 410 -1 219 -1 124 -1 3 -1 174 -1 27 -1 2678 -1 71 -1 2912 -1 8 -1 2913 -1 18 -1 227 -1 930 -1 1626 -1 919 -1 71 -1 40 -1 4936 -1 101 -1 40 -1 3146 -1 2280 -1 18 -1 2913 -1 -2
1 -1 1 -1 1 -1 310 -1 1416 -1 1835 -1 2212 -1 8 -1 285 -1 174 -1 14 -1 905 -1 18 -1 4766 -1 14 -1 2212 -1 8 -1 123 -1 18 -1 2376 -1 399 -1 292 -1 8 -1 1812 -1 18 -1 102 -1 146 -1 -2
1215 -1 5280 -1 2511 -1 96 -1 21 -1 227 -1 319 -1 174 -1 124 -1 33 -1 5941 -1 18 -1 2672 -1 3 -1 8 -1 4927 -1 1985 -1 18 -1 8 -1 5923 -1 21 -1 322 -1 219 -1 290 -1 52 -1 1165 -1 71 -1 8 -1 2672 -1 18 -1 174 -1 124 -1 401 -1 145 -1 -2
1 -1 1 -1 1 -1 2917 -1 17 -1 186 -1 436 -1 30 -1 17 -1 439 -1 1122 -1 -2
388 -1 1270 -1 75 -1 405 -1 71 -1 218 -1 142 -1 206 -1 8 -1 2483 -1 18 -1 11 -1 14 -1 71 -1 2720 -1 227 -1 1853 -1 71 -1 1113 -1 1212 -1 2721 -1 2376 -1 2722 -1 8 -1 16 -1 14 -1 8 -1 508 -1 179 -1 71 -1 8 -1 2723 -1 18 -1 206 -1 103 -1 8 -1 2724 -1 18 -1 227 -1 102 -1 146 -1 -2
2405 -1 234 -1 40 -1 19 -1 176 -1 29 -1 219 -1 4417 -1 5226 -1 8 -1 780 -1 39 -1 299 -1 47 -1 18 -1 227 -1 5342 -1 852 -1 219 -1 29 -1 1575 -1 5226 -1 307 -1 299 -1 8 -1 72 -1 197 -1 17 -1 212 -1 146 -1 71 -1 390 -1 227 -1 3494 -1 92 -1 9423 -1 33 -1 2907 -1 39 -1 919 -1 40 -1 9424 -1 71 -1 8 -1 780 -1 -2
4340 -1 265 -1 8412 -1 52 -1 8 -1 1032 -1 18 -1 6380 -1 758 -1 8 -1 3826 -1 14 -1 192 -1 2998 -1 39 -1 758 -1 8 -1 3826 -1 14 -1 23 -1 8243 -1 -2
969 -1 29 -1 1968 -1 154 -1 617 -1 4175 -1 103 -1 1269 -1 617 -1 487 -1 335 -1 63 -1 810 -1 1842 -1 852 -1 265 -1 2775 -1 614 -1 568 -1 14 -1 821 -1 40 -1 4858 -1 1299 -1 7580 -1 265 -1 6711 -1 -2
2824 -1 292 -1 1550 -1 18 -1 159 -1 478 -1 96 -1 17 -1 1 -1 1 -1 1 -1 1 -1 1 -1 1 -1 1 -1 1 -1 1 -1 90 -1 2872 -1 1644 -1 2873 -1 2823 -1 1 -1 1 -1 1 -1 1 -1 1 -1 1 -1 1 -1 1 -1 1 -1 1 -1 -2
388 -1 126 -1 27 -1 17 -1 71 -1 290 -1 1050 -1 21 -1 7227 -1 -2
1363 -1 6811 -1 407 -1 51 -1 1479 -1 71 -1 122 -1 2015 -1 670 -1 103 -1 746 -1 7605 -1 14 -1 40 -1 746 -1 1244 -1 -2
310 -1 175 -1 1502 -1 52 -1 71 -1 824 -1 8 -1 16 -1 39 -1 71 -1 1972 -1 8 -1 16 -1 -2
407 -1 8 -1 558 -1 18 -1 29 -1 7567 -1 75 -1 1260 -1 3944 -1 20 -1 637 -1 513 -1 759 -1 8799 -1 20 -1 1522 -1 513 -1 381 -1 209 -1 934 -1 39 -1 354 -1 20 -1 40 -1 198 -1 52 -1 230 -1 -2
39 -1 64 -1 234 -1 30 -1 487 -1 290 -1 1275 -1 3 -1 2490 -1 2525 -1 -2
172 -1 584 -1 8964 -1 685 -1 40 -1 2992 -1 21 -1 307 -1 29 -1 3431 -1 307 -1 39 -1 40 -1 19 -1 17 -1 39 -1 152 -1 2728 -1 -2
388 -1 3406 -1 3891 -1 103 -1 8 -1 6699 -1 17 -1 33 -1 6067 -1 3406 -1 -2
1518 -1 75 -1 197 -1 557 -1 347 -1 4719 -1 18 -1 8243 -1 685 -1 8 -1 4930 -1 634 -1 30 -1 402 -1 71 -1 7887 -1 318 -1 21 -1 1117 -1 71 -1 8 -1 3906 -1 18 -1 8 -1 1263 -1 545 -1 318 -1 39 -1 3 -1 8 -1 4555 -1 18 -1 8 -1 2345 -1 21 -1 117 -1 462 -1 5349 -1 -2
2405 -1 8 -1 2403 -1 18 -1 696 -1 761 -1 14 -1 210 -1 402 -1 71 -1 40 -1 332 -1 440 -1 197 -1 17 -1 2406 -1 27 -1 33 -1 711 -1 2407 -1 18 -1 122 -1 258 -1 71 -1 227 -1 787 -1 29 -1 17 -1 71 -1 53 -1 71 -1 45 -1 537 -1 71 -1 290 -1 13 -1 18 -1 318 -1 -2
388 -1 977 -1 18 -1 284 -1 234 -1 30 -1 160 -1 3352 -1 160 -1 1019 -1 71 -1 169 -1 -2
340 -1 274 -1 1403 -1 685 -1 5573 -1 8 -1 3832 -1 1232 -1 274 -1 1012 -1 1334 -1 103 -1 307 -1 685 -1 8 -1 2690 -1 161 -1 122 -1 1378 -1 274 -1 219 -1 1799 -1 586 -1 14 -1 161 -1 122 -1 1378 -1 219 -1 274 -1 323 -1 21 -1 181 -1 265 -1 14 -1 54 -1 8 -1 1842 -1 18 -1 3778 -1 299 -1 307 -1 -2
1 -1 1 -1 1 -1 693 -1 206 -1 63 -1 212 -1 1341 -1 39 -1 381 -1 8 -1 1165 -1 40 -1 89 -1 3905 -1 18 -1 2054 -1 21 -1 3906 -1 1000 -1 492 -1 197 -1 17 -1 212 -1 186 -1 1205 -1 71 -1 3907 -1 318 -1 54 -1 -2
36 -1 21 -1 227 -1 5501 -1 18 -1 1632 -1 219 -1 4477 -1 8 -1 707 -1 18 -1 8 -1 188 -1 14 -1 227 -1 1696 -1 17 -1 122 -1 1696 -1 103 -1 20 -1 12 -1 395 -1 685 -1 3824 -1 54 -1 111 -1 17 -1 5502 -1 4685 -1 71 -1 8 -1 107 -1 14 -1 632 -1 54 -1 23 -1 3801 -1 124 -1 39 -1 4720 -1 18 -1 307 -1 92 -1 318 -1 29 -1 63 -1 8 -1 188 -1 186 -1 -2
3794 -1 124 -1 5958 -1 2167 -1 39 -1 29 -1 96 -1 17 -1 5958 -1 71 -1 224 -1 50 -1 52 -1 290 -1 25 -1 71 -1 225 -1 -2
172 -1 539 -1 715 -1 4321 -1 1632 -1 17 -1 8 -1 1632 -1 18 -1 40 -1 4090 -1 29 -1 17 -1 40 -1 4082 -1 18 -1 3734 -1 21 -1 2957 -1 14 -1 4074 -1 4333 -1 14 -1 3554 -1 71 -1 4334 -1 4335 -1 14 -1 4336 -1 4337 -1 4338 -1 14 -1 23 -1 2360 -1 18 -1 1262 -1 -2
229 -1 234 -1 265 -1 29 -1 61 -1 30 -1 1103 -1 1875 -1 8 -1 108 -1 18 -1 8 -1 3003 -1 71 -1 290 -1 21 -1 8 -1 8994 -1 92 -1 1103 -1 410 -1 40 -1 5441 -1 71 -1 8 -1 8994 -1 30 -1 160 -1 2538 -1 2728 -1 14 -1 3786 -1 -2
1 -1 1 -1 1 -1 1389 -1 26 -1 1390 -1 18 -1 690 -1 45 -1 18 -1 1374 -1 45 -1 18 -1 1391 -1 1221 -1 51 -1 903 -1 8 -1 1392 -1 18 -1 8 -1 1155 -1 18 -1 24 -1 1060 -1 21 -1 8 -1 393 -1 262 -1 40 -1 1392 -1 18 -1 8 -1 1155 -1 18 -1 1253 -1 -2
1518 -1 75 -1 197 -1 347 -1 1262 -1 29 -1 487 -1 1273 -1 71 -1 92 -1 4209 -1 8 -1 3284 -1 3 -1 96 -1 181 -1 219 -1 14 -1 54 -1 206 -1 468 -1 160 -1 3442 -1 1144 -1 71 -1 2952 -1 11 -1 2587 -1 -2
460 -1 6552 -1 18 -1 8 -1 2672 -1 124 -1 4365 -1 2227 -1 8 -1 193 -1 -2
310 -1 1444 -1 1563 -1 1564 -1 1565 -1 1548 -1 1566 -1 1567 -1 14 -1 22 -1 23 -1 74 -1 124 -1 690 -1 18 -1 1220 -1 -2
1868 -1 214 -1 470 -1 468 -1 39 -1 33 -1 1980 -1 92 -1 1981 -1 18 -1 8 -1 65 -1 21 -1 1982 -1 8 -1 484 -1 18 -1 494 -1 24 -1 14 -1 1246 -1 292 -1 29 -1 8 -1 65 -1 17 -1 1942 -1 120 -1 1446 -1 3 -1 23 -1 591 -1 1983 -1 279 -1 92 -1 292 -1 1501 -1 18 -1 692 -1 18 -1 318 -1 -2
948 -1 51 -1 63 -1 18 -1 1466 -1 96 -1 17 -1 8 -1 1310 -1 18 -1 54 -1 102 -1 349 -1 51 -1 124 -1 52 -1 5397 -1 103 -1 30 -1 71 -1 8 -1 509 -1 -2
21 -1 1262 -1 175 -1 3195 -1 161 -1 8 -1 4078 -1 403 -1 29 -1 265 -1 1103 -1 4120 -1 299 -1 122 -1 905 -1 21 -1 26 -1 322 -1 18 -1 4084 -1 175 -1 3195 -1 52 -1 29 -1 8 -1 4119 -1 1103 -1 47 -1 299 -1 122 -1 905 -1 39 -1 29 -1 266 -1 265 -1 592 -1 4121 -1 299 -1 30 -1 30 -1 1103 -1 290 -1 3980 -1 919 -1 101 -1 1915 -1 -2
1 -1 1 -1 1 -1 388 -1 1785 -1 17 -1 712 -1 292 -1 8 -1 4213 -1 18 -1 227 -1 8517 -1 -2
39 -1 26 -1 17 -1 1019 -1 71 -1 218 -1 29 -1 97 -1 8 -1 1696 -1 18 -1 8 -1 824 -1 290 -1 40 -1 2672 -1 71 -1 8 -1 2250 -1 5559 -1 80 -1 30 -1 17 -1 212 -1 2672 -1 347 -1 824 -1 29 -1 274 -1 2056 -1 307 -1 21 -1 29 -1 541 -1 -2
2780 -1 63 -1 27 -1 3547 -1 3548 -1 14 -1 3549 -1 3550 -1 71 -1 1590 -1 1550 -1 14 -1 457 -1 74 -1 20 -1 124 -1 604 -1 649 -1 648 -1 1263 -1 148 -1 1908 -1 1867 -1 647 -1 1214 -1 149 -1 3551 -1 2633 -1 14 -1 8 -1 276 -1 96 -1 266 -1 219 -1 3552 -1 103 -1 92 -1 2227 -1 219 -1 3552 -1 71 -1 20 -1 234 -1 197 -1 160 -1 849 -1 18 -1 209 -1 690 -1 3553 -1 612 -1 227 -1 1553 -1 14 -1 3554 -1 584 -1 92 -1 3555 -1 29 -1 332 -1 92 -1 333 -1 103 -1 92 -1 2227 -1 96 -1 219 -1 3552 -1 -2
310 -1 21 -1 307 -1 441 -1 8 -1 4630 -1 18 -1 8 -1 193 -1 96 -1 71 -1 1676 -1 30 -1 17 -1 -2
310 -1 266 -1 8 -1 126 -1 206 -1 274 -1 290 -1 2080 -1 299 -1 209 -1 29 -1 63 -1 8 -1 4160 -1 18 -1 8 -1 4774 -1 92 -1 4798 -1 219 -1 124 -1 52 -1 71 -1 1061 -1 103 -1 9260 -1 690 -1 71 -1 683 -1 227 -1 777 -1 21 -1 39 -1 390 -1 6542 -1 8 -1 224 -1 4803 -1 14 -1 8 -1 23 -1 4800 -1 92 -1 8 -1 4799 -1 18 -1 40 -1 339 -1 -2
4454 -1 37 -1 8 -1 1270 -1 530 -1 3151 -1 39 -1 18 -1 988 -1 7343 -1 26 -1 29 -1 17 -1 242 -1 14 -1 274 -1 655 -1 71 -1 8 -1 648 -1 18 -1 932 -1 96 -1 17 -1 632 -1 27 -1 90 -1 8 -1 1481 -1 648 -1 14 -1 29 -1 96 -1 274 -1 290 -1 568 -1 8 -1 648 -1 18 -1 932 -1 266 -1 197 -1 274 -1 290 -1 40 -1 746 -1 3268 -1 14 -1 40 -1 746 -1 1244 -1 8 -1 2483 -1 18 -1 1025 -1 17 -1 52 -1 71 -1 1047 -1 1045 -1 8 -1 1285 -1 7183 -1 -2
1 -1 1 -1 1 -1 907 -1 8 -1 1032 -1 290 -1 18 -1 917 -1 71 -1 40 -1 1913 -1 1118 -1 71 -1 63 -1 517 -1 122 -1 4500 -1 299 -1 8 -1 1913 -1 5850 -1 14 -1 527 -1 30 -1 221 -1 92 -1 71 -1 63 -1 810 -1 8 -1 1042 -1 71 -1 290 -1 5718 -1 18 -1 30 -1 234 -1 40 -1 19 -1 235 -1 17 -1 40 -1 1272 -1 5843 -1 18 -1 122 -1 187 -1 -2
74 -1 20 -1 124 -1 8 -1 5935 -1 5936 -1 21 -1 8 -1 5508 -1 18 -1 3110 -1 -2
2169 -1 8 -1 1165 -1 71 -1 290 -1 3045 -1 292 -1 623 -1 3049 -1 17 -1 2191 -1 -2
36 -1 212 -1 19 -1 17 -1 1357 -1 3 -1 40 -1 3734 -1 44 -1 265 -1 17 -1 52 -1 1267 -1 759 -1 1158 -1 3 -1 40 -1 3734 -1 13 -1 2227 -1 92 -1 4507 -1 8 -1 187 -1 265 -1 818 -1 -2
103 -1 197 -1 17 -1 39 -1 224 -1 731 -1 71 -1 686 -1 293 -1 392 -1 18 -1 1212 -1 174 -1 14 -1 29 -1 17 -1 175 -1 6751 -1 14 -1 39 -1 224 -1 731 -1 18 -1 1212 -1 1989 -1 71 -1 169 -1 14 -1 29 -1 17 -1 11 -1 21 -1 96 -1 17 -1 5051 -1 3800 -1 2992 -1 14 -1 4769 -1 -2
1 -1 1 -1 1 -1 1111 -1 103 -1 203 -1 1162 -1 175 -1 684 -1 203 -1 3 -1 411 -1 14 -1 1189 -1 197 -1 17 -1 1218 -1 39 -1 146 -1 96 -1 17 -1 513 -1 381 -1 8 -1 905 -1 537 -1 18 -1 548 -1 14 -1 386 -1 8 -1 1838 -1 -2
229 -1 234 -1 40 -1 19 -1 290 -1 2395 -1 21 -1 1119 -1 92 -1 4057 -1 92 -1 17 -1 52 -1 4080 -1 299 -1 8 -1 2221 -1 18 -1 122 -1 73 -1 265 -1 602 -1 290 -1 230 -1 71 -1 290 -1 3442 -1 3 -1 3734 -1 71 -1 2729 -1 14 -1 632 -1 50 -1 234 -1 265 -1 31 -1 32 -1 122 -1 5253 -1 3 -1 347 -1 1042 -1 600 -1 -2
229 -1 21 -1 2948 -1 18 -1 112 -1 197 -1 124 -1 52 -1 209 -1 5113 -1 436 -1 227 -1 2153 -1 602 -1 290 -1 1185 -1 3 -1 347 -1 434 -1 18 -1 227 -1 319 -1 -2
1 -1 1 -1 1 -1 1 -1 1 -1 1 -1 1 -1 1 -1 1 -1 1 -1 1 -1 1 -1 1 -1 1 -1 1 -1 1 -1 1 -1 1 -1 1 -1 1 -1 1 -1 1 -1 1 -1 1 -1 1 -1 1 -1 1 -1 1 -1 1 -1 1 -1 1 -1 365 -1 7833 -1 1 -1 1 -1 1 -1 1 -1 1 -1 1 -1 1 -1 1 -1 363 -1 360 -1 4635 -1 363 -1 360 -1 6655 -1 363 -1 6656 -1 5464 -1 7834 -1 7835 -1 1 -1 1 -1 1 -1 1 -1 1 -1 1 -1 1 -1 1 -1 1 -1 1 -1 1 -1 1 -1 1 -1 1 -1 1 -1 1 -1 360 -1 7836 -1 7837 -1 1644 -1 360 -1 7838 -1 363 -1 7839 -1 1 -1 1 -1 1 -1 360 -1 7840 -1 18 -1 8 -1 6648 -1 14 -1 162 -1 21 -1 8 -1 2483 -1 18 -1 11 -1 3 -1 3734 -1 75 -1 2668 -1 -2
436 -1 3 -1 74 -1 1107 -1 40 -1 19 -1 61 -1 3257 -1 8 -1 105 -1 29 -1 231 -1 290 -1 282 -1 103 -1 292 -1 122 -1 319 -1 1187 -1 14 -1 1321 -1 -2
1363 -1 759 -1 18 -1 8 -1 8227 -1 1446 -1 101 -1 20 -1 130 -1 18 -1 8 -1 4620 -1 -2
1 -1 1 -1 1 -1 2637 -1 1842 -1 1527 -1 14 -1 2593 -1 29 -1 63 -1 212 -1 537 -1 18 -1 146 -1 50 -1 290 -1 4517 -1 3 -1 4522 -1 92 -1 4523 -1 39 -1 31 -1 290 -1 212 -1 1475 -1 3924 -1 29 -1 604 -1 18 -1 347 -1 484 -1 1135 -1 3 -1 318 -1 664 -1 101 -1 266 -1 219 -1 274 -1 4524 -1 8 -1 537 -1 18 -1 146 -1 219 -1 274 -1 824 -1 8 -1 126 -1 1827 -1 -2
103 -1 8 -1 2698 -1 14 -1 5065 -1 7954 -1 21 -1 2667 -1 801 -1 39 -1 2667 -1 965 -1 900 -1 11 -1 75 -1 188 -1 18 -1 8 -1 870 -1 18 -1 3778 -1 -2
14 -1 632 -1 26 -1 3881 -1 52 -1 8 -1 5054 -1 186 -1 18 -1 347 -1 3831 -1 29 -1 592 -1 52 -1 27 -1 8 -1 152 -1 186 -1 -2
682 -1 75 -1 3786 -1 436 -1 219 -1 13 -1 318 -1 25 -1 71 -1 58 -1 836 -1 212 -1 187 -1 292 -1 11 -1 1260 -1 21 -1 1212 -1 3401 -1 2672 -1 18 -1 146 -1 759 -1 21 -1 1212 -1 1569 -1 14 -1 2588 -1 147 -1 -2
