36 -1 37 -1 38 -1 17 -1 39 -1 40 -1 41 -1 18 -1 42 -1 8 -1 43 -1 44 -1 17 -1 21 -1 45 -1 46 -1 47 -1 48 -1 49 -1 50 -1 51 -1 52 -1 53 -1 29 -1 54 -1 55 -1 56 -1 29 -1 57 -1 58 -1 3 -1 59 -1 14 -1 60 -1 20 -1 61 -1 40 -1 62 -1 63 -1 33 -1 34 -1 38 -1 -2
1 -1 1 -1 1 -1 2509 -1 75 -1 52 -1 632 -1 40 -1 401 -1 788 -1 178 -1 103 -1 6302 -1 8 -1 6545 -1 3 -1 122 -1 888 -1 759 -1 103 -1 6960 -1 9353 -1 3 -1 4991 -1 71 -1 1486 -1 318 -1 586 -1 -2
1 -1 1 -1 1 -1 693 -1 492 -1 3799 -1 1769 -1 71 -1 8 -1 870 -1 595 -1 4019 -1 821 -1 29 -1 7257 -1 2992 -1 18 -1 8 -1 1842 -1 18 -1 3615 -1 1502 -1 2227 -1 542 -1 4019 -1 505 -1 142 -1 1017 -1 531 -1 39 -1 40 -1 2992 -1 274 -1 5031 -1 612 -1 169 -1 266 -1 8 -1 2690 -1 1056 -1 11 -1 75 -1 1056 -1 2992 -1 -2
103 -1 11 -1 197 -1 2730 -1 71 -1 8 -1 870 -1 20 -1 9461 -1 14 -1 4305 -1 318 -1 266 -1 40 -1 19 -1 17 -1 4677 -1 18 -1 3786 -1 71 -1 1760 -1 2313 -1 18 -1 8 -1 1822 -1 14 -1 1489 -1 30 -1 1421 -1 617 -1 71 -1 3491 -1 307 -1 39 -1 500 -1 8 -1 403 -1 18 -1 8 -1 2810 -1 5140 -1 8 -1 162 -1 3491 -1 -2
310 -1 632 -1 266 -1 40 -1 1822 -1 2536 -1 52 -1 306 -1 21 -1 8 -1 410 -1 39 -1 27 -1 3 -1 679 -1 21 -1 8 -1 1132 -1 30 -1 17 -1 40 -1 98 -1 1116 -1 101 -1 234 -1 30 -1 1520 -1 306 -1 21 -1 8 -1 410 -1 -2
229 -1 266 -1 1754 -1 8 -1 2728 -1 6729 -1 21 -1 8 -1 868 -1 18 -1 8 -1 6730 -1 -2
310 -1 52 -1 306 -1 33 -1 7077 -1 39 -1 40 -1 8372 -1 810 -1 26 -1 186 -1 -2
103 -1 197 -1 17 -1 212 -1 332 -1 2233 -1 29 -1 17 -1 52 -1 18 -1 8 -1 2650 -1 18 -1 11 -1 -2
29 -1 21 -1 4370 -1 29 -1 17 -1 3295 -1 18 -1 333 -1 103 -1 333 -1 206 -1 670 -1 52 -1 161 -1 8 -1 1046 -1 18 -1 8 -1 333 -1 657 -1 39 -1 8 -1 1046 -1 18 -1 8 -1 332 -1 71 -1 994 -1 -2
36 -1 234 -1 40 -1 19 -1 5162 -1 290 -1 1366 -1 4816 -1 71 -1 2276 -1 122 -1 4077 -1 14 -1 8 -1 3387 -1 18 -1 122 -1 3586 -1 8 -1 1590 -1 563 -1 18 -1 1784 -1 17 -1 212 -1 114 -1 759 -1 267 -1 30 -1 2555 -1 71 -1 29 -1 1861 -1 18 -1 8 -1 193 -1 103 -1 96 -1 54 -1 4971 -1 124 -1 507 -1 29 -1 17 -1 71 -1 53 -1 71 -1 8 -1 6252 -1 18 -1 311 -1 1335 -1 71 -1 8 -1 1248 -1 18 -1 8 -1 2672 -1 39 -1 22 -1 696 -1 71 -1 8 -1 3913 -1 18 -1 8 -1 193 -1 -2
1446 -1 219 -1 810 -1 52 -1 395 -1 6704 -1 71 -1 2670 -1 161 -1 54 -1 -2
310 -1 29 -1 10 -1 219 -1 686 -1 8 -1 868 -1 219 -1 63 -1 18 -1 40 -1 296 -1 2271 -1 17 -1 3 -1 8 -1 629 -1 90 -1 2284 -1 103 -1 96 -1 51 -1 63 -1 212 -1 731 -1 21 -1 293 -1 450 -1 -2
36 -1 37 -1 219 -1 147 -1 63 -1 284 -1 955 -1 71 -1 290 -1 496 -1 219 -1 124 -1 1357 -1 71 -1 5603 -1 318 -1 45 -1 414 -1 -2
14 -1 1029 -1 30 -1 968 -1 71 -1 1191 -1 29 -1 219 -1 1544 -1 8 -1 1378 -1 1545 -1 71 -1 8 -1 939 -1 18 -1 1392 -1 21 -1 54 -1 23 -1 24 -1 -2
1 -1 1 -1 1 -1 907 -1 40 -1 19 -1 290 -1 5206 -1 3 -1 8 -1 188 -1 92 -1 122 -1 187 -1 2212 -1 40 -1 1116 -1 1135 -1 3 -1 263 -1 265 -1 17 -1 52 -1 3442 -1 316 -1 837 -1 18 -1 3389 -1 71 -1 2738 -1 30 -1 436 -1 212 -1 19 -1 20 -1 175 -1 63 -1 784 -1 21 -1 8 -1 126 -1 1757 -1 31 -1 290 -1 1357 -1 3 -1 3734 -1 71 -1 3454 -1 263 -1 -2
175 -1 2368 -1 318 -1 52 -1 1260 -1 63 -1 175 -1 4011 -1 318 -1 759 -1 6736 -1 142 -1 318 -1 -2
2780 -1 810 -1 227 -1 8829 -1 90 -1 9087 -1 14 -1 51 -1 293 -1 8829 -1 1825 -1 8 -1 5041 -1 21 -1 8 -1 9088 -1 9089 -1 -2
175 -1 53 -1 52 -1 29 -1 71 -1 2484 -1 40 -1 2485 -1 568 -1 40 -1 440 -1 17 -1 40 -1 3953 -1 39 -1 266 -1 30 -1 17 -1 981 -1 71 -1 2346 -1 30 -1 103 -1 40 -1 373 -1 18 -1 11 -1 17 -1 2227 -1 8 -1 1035 -1 6512 -1 14 -1 31 -1 290 -1 18 -1 212 -1 537 -1 39 -1 71 -1 2728 -1 -2
20 -1 219 -1 29 -1 1682 -1 40 -1 1673 -1 868 -1 390 -1 30 -1 868 -1 39 -1 219 -1 29 -1 3354 -1 30 -1 3355 -1 -2
1 -1 14 -1 75 -1 632 -1 40 -1 516 -1 97 -1 40 -1 591 -1 750 -1 516 -1 101 -1 75 -1 811 -1 71 -1 23 -1 2659 -1 -2
815 -1 29 -1 30 -1 17 -1 1018 -1 197 -1 124 -1 39 -1 1402 -1 7343 -1 224 -1 292 -1 8 -1 7046 -1 71 -1 8 -1 7668 -1 96 -1 75 -1 4672 -1 3 -1 608 -1 14 -1 17 -1 90 -1 21 -1 1270 -1 8 -1 688 -1 16 -1 225 -1 292 -1 8 -1 7668 -1 71 -1 8 -1 648 -1 18 -1 932 -1 96 -1 17 -1 8 -1 410 -1 16 -1 14 -1 274 -1 290 -1 4672 -1 3 -1 3406 -1 14 -1 8 -1 1783 -1 96 -1 274 -1 290 -1 292 -1 8 -1 648 -1 18 -1 932 -1 4363 -1 6067 -1 96 -1 17 -1 90 -1 8 -1 16 -1 71 -1 323 -1 14 -1 21 -1 96 -1 30 -1 1678 -1 3 -1 54 -1 197 -1 274 -1 290 -1 212 -1 3848 -1 -2
759 -1 124 -1 219 -1 6264 -1 436 -1 219 -1 290 -1 4966 -1 3 -1 270 -1 96 -1 918 -1 52 -1 71 -1 290 -1 1070 -1 71 -1 8 -1 188 -1 186 -1 -2
229 -1 234 -1 225 -1 1396 -1 290 -1 784 -1 307 -1 771 -1 21 -1 1404 -1 292 -1 8 -1 697 -1 265 -1 602 -1 140 -1 316 -1 40 -1 746 -1 1321 -1 579 -1 8 -1 1402 -1 730 -1 18 -1 29 -1 27 -1 290 -1 1376 -1 71 -1 8 -1 126 -1 -2
310 -1 21 -1 8 -1 2483 -1 18 -1 8 -1 2658 -1 3924 -1 8 -1 7228 -1 5031 -1 18 -1 11 -1 8 -1 7281 -1 14 -1 6763 -1 160 -1 8 -1 72 -1 1913 -1 3387 -1 -2
14 -1 632 -1 197 -1 492 -1 51 -1 670 -1 103 -1 3825 -1 51 -1 343 -1 670 -1 27 -1 103 -1 4374 -1 14 -1 685 -1 4374 -1 103 -1 2925 -1 14 -1 685 -1 2925 -1 103 -1 819 -1 96 -1 602 -1 637 -1 290 -1 2138 -1 274 -1 290 -1 21 -1 3268 -1 -2
436 -1 81 -1 101 -1 122 -1 1231 -1 92 -1 8 -1 145 -1 4540 -1 265 -1 1993 -1 212 -1 296 -1 707 -1 39 -1 122 -1 319 -1 -2
103 -1 21 -1 54 -1 23 -1 2818 -1 122 -1 186 -1 234 -1 265 -1 63 -1 347 -1 161 -1 54 -1 17 -1 29 -1 18 -1 8 -1 8395 -1 306 -1 14 -1 52 -1 18 -1 8 -1 747 -1 18 -1 8 -1 1717 -1 -2
14 -1 265 -1 29 -1 39 -1 5154 -1 798 -1 122 -1 8965 -1 21 -1 8 -1 4514 -1 103 -1 26 -1 400 -1 29 -1 265 -1 964 -1 30 -1 8 -1 2487 -1 18 -1 11 -1 8966 -1 299 -1 2538 -1 2728 -1 -2
175 -1 53 -1 632 -1 29 -1 197 -1 17 -1 212 -1 414 -1 21 -1 8 -1 16 -1 492 -1 26 -1 31 -1 290 -1 33 -1 5809 -1 18 -1 40 -1 2672 -1 18 -1 174 -1 92 -1 290 -1 13 -1 40 -1 2672 -1 3 -1 8 -1 1902 -1 18 -1 1776 -1 3801 -1 29 -1 810 -1 1135 -1 8 -1 126 -1 -2
36 -1 11 -1 214 -1 617 -1 1022 -1 14 -1 836 -1 1604 -1 8 -1 5577 -1 18 -1 5580 -1 71 -1 290 -1 1212 -1 1913 -1 4720 -1 340 -1 1726 -1 318 -1 103 -1 227 -1 4520 -1 8 -1 1913 -1 3387 -1 29 -1 17 -1 71 -1 53 -1 8 -1 47 -1 29 -1 11 -1 810 -1 4387 -1 71 -1 2352 -1 96 -1 160 -1 7281 -1 14 -1 6763 -1 -2
229 -1 21 -1 347 -1 136 -1 44 -1 40 -1 19 -1 592 -1 52 -1 1690 -1 349 -1 71 -1 1191 -1 3 -1 71 -1 1900 -1 122 -1 319 -1 102 -1 1901 -1 14 -1 290 -1 982 -1 3 -1 1285 -1 1902 -1 221 -1 21 -1 1475 -1 14 -1 567 -1 71 -1 22 -1 1903 -1 17 -1 40 -1 1067 -1 18 -1 1904 -1 14 -1 942 -1 1905 -1 3 -1 8 -1 731 -1 18 -1 1906 -1 -2
1 -1 1 -1 1 -1 4454 -1 71 -1 4260 -1 71 -1 8 -1 129 -1 1506 -1 18 -1 2143 -1 508 -1 399 -1 71 -1 8 -1 9172 -1 14 -1 1029 -1 262 -1 8 -1 2353 -1 2238 -1 292 -1 515 -1 2238 -1 292 -1 6061 -1 18 -1 532 -1 175 -1 274 -1 162 -1 176 -1 227 -1 1812 -1 -2
1 -1 1 -1 1 -1 1454 -1 617 -1 197 -1 75 -1 21 -1 8 -1 604 -1 18 -1 8 -1 2686 -1 2687 -1 74 -1 4730 -1 545 -1 8 -1 7482 -1 2659 -1 224 -1 7483 -1 299 -1 225 -1 14 -1 7484 -1 595 -1 5246 -1 8 -1 2581 -1 292 -1 1017 -1 71 -1 1799 -1 71 -1 4105 -1 -2
36 -1 758 -1 1421 -1 349 -1 14 -1 303 -1 304 -1 857 -1 17 -1 21 -1 8 -1 1511 -1 -2
1 -1 1 -1 1 -1 1151 -1 3734 -1 71 -1 3454 -1 4192 -1 316 -1 837 -1 18 -1 3389 -1 17 -1 1591 -1 4148 -1 -2
1 -1 1 -1 1 -1 172 -1 2978 -1 71 -1 40 -1 296 -1 1334 -1 92 -1 732 -1 18 -1 64 -1 356 -1 1674 -1 17 -1 71 -1 1214 -1 20 -1 40 -1 1067 -1 51 -1 220 -1 307 -1 215 -1 92 -1 2979 -1 92 -1 2980 -1 -2
36 -1 40 -1 152 -1 2672 -1 29 -1 274 -1 5059 -1 1303 -1 14 -1 74 -1 17 -1 54 -1 432 -1 71 -1 8 -1 2778 -1 184 -1 18 -1 107 -1 17 -1 52 -1 20 -1 40 -1 152 -1 2672 -1 347 -1 3284 -1 39 -1 3 -1 647 -1 306 -1 18 -1 8 -1 2672 -1 18 -1 174 -1 29 -1 4178 -1 8 -1 4083 -1 18 -1 899 -1 96 -1 102 -1 3284 -1 234 -1 206 -1 140 -1 52 -1 219 -1 602 -1 140 -1 8 -1 905 -1 18 -1 347 -1 2672 -1 8 -1 188 -1 530 -1 -2
1 -1 1 -1 1 -1 781 -1 8 -1 3882 -1 18 -1 4152 -1 8 -1 193 -1 435 -1 50 -1 290 -1 1349 -1 71 -1 63 -1 40 -1 5568 -1 14 -1 2611 -1 14 -1 5590 -1 8 -1 126 -1 3 -1 227 -1 4488 -1 14 -1 29 -1 74 -1 5568 -1 50 -1 290 -1 13 -1 1272 -1 71 -1 3852 -1 8 -1 72 -1 1720 -1 71 -1 8 -1 930 -1 1263 -1 14 -1 106 -1 2226 -1 2406 -1 -2
36 -1 197 -1 75 -1 335 -1 347 -1 39 -1 8 -1 2945 -1 3832 -1 306 -1 29 -1 75 -1 71 -1 5401 -1 8 -1 870 -1 18 -1 3508 -1 147 -1 759 -1 347 -1 7253 -1 18 -1 3612 -1 557 -1 1726 -1 71 -1 1531 -1 262 -1 8 -1 7251 -1 7252 -1 -2
1 -1 1 -1 1 -1 172 -1 290 -1 3044 -1 29 -1 17 -1 71 -1 53 -1 71 -1 290 -1 855 -1 103 -1 127 -1 541 -1 89 -1 312 -1 92 -1 347 -1 2427 -1 332 -1 17 -1 2005 -1 20 -1 40 -1 1067 -1 18 -1 8 -1 186 -1 103 -1 96 -1 265 -1 17 -1 3044 -1 -2
103 -1 97 -1 8 -1 1696 -1 290 -1 185 -1 80 -1 8 -1 3801 -1 29 -1 2045 -1 316 -1 423 -1 8 -1 5888 -1 5229 -1 124 -1 2490 -1 3801 -1 14 -1 227 -1 1138 -1 17 -1 39 -1 5587 -1 96 -1 212 -1 19 -1 918 -1 71 -1 1561 -1 299 -1 307 -1 71 -1 8 -1 116 -1 18 -1 1632 -1 600 -1 1776 -1 2479 -1 92 -1 2766 -1 265 -1 274 -1 2323 -1 71 -1 994 -1 -2
407 -1 219 -1 160 -1 212 -1 591 -1 145 -1 101 -1 124 -1 284 -1 23 -1 3512 -1 5709 -1 7451 -1 5710 -1 8197 -1 8 -1 5828 -1 8198 -1 8 -1 6837 -1 7857 -1 142 -1 1017 -1 5704 -1 54 -1 29 -1 4433 -1 5705 -1 5053 -1 30 -1 71 -1 8 -1 3338 -1 14 -1 8199 -1 1017 -1 96 -1 124 -1 52 -1 5109 -1 39 -1 8200 -1 14 -1 6136 -1 18 -1 206 -1 71 -1 7120 -1 276 -1 29 -1 18 -1 6993 -1 8201 -1 117 -1 19 -1 29 -1 8202 -1 323 -1 4019 -1 71 -1 8 -1 7088 -1 323 -1 14 -1 4328 -1 2591 -1 14 -1 8203 -1 316 -1 1526 -1 -2
14 -1 25 -1 51 -1 124 -1 1049 -1 71 -1 8 -1 3960 -1 18 -1 8 -1 8948 -1 2345 -1 71 -1 994 -1 5062 -1 92 -1 9356 -1 92 -1 9357 -1 117 -1 19 -1 20 -1 265 -1 4014 -1 1142 -1 -2
388 -1 1162 -1 2406 -1 103 -1 1334 -1 20 -1 175 -1 63 -1 505 -1 685 -1 4502 -1 2369 -1 17 -1 932 -1 -2
310 -1 26 -1 3988 -1 17 -1 617 -1 230 -1 71 -1 290 -1 13 -1 758 -1 318 -1 469 -1 1798 -1 20 -1 162 -1 234 -1 8 -1 5503 -1 290 -1 1726 -1 71 -1 2445 -1 2227 -1 74 -1 18 -1 122 -1 3801 -1 104 -1 1626 -1 530 -1 307 -1 1451 -1 318 -1 103 -1 20 -1 71 -1 8 -1 5504 -1 265 -1 12 -1 1942 -1 3730 -1 122 -1 319 -1 824 -1 209 -1 96 -1 265 -1 5505 -1 52 -1 2227 -1 124 -1 3801 -1 265 -1 263 -1 5506 -1 381 -1 -2
407 -1 8 -1 558 -1 18 -1 29 -1 7567 -1 75 -1 1260 -1 3944 -1 20 -1 637 -1 513 -1 759 -1 8799 -1 20 -1 1522 -1 513 -1 381 -1 209 -1 934 -1 39 -1 354 -1 20 -1 40 -1 198 -1 52 -1 230 -1 -2
1 -1 1415 -1 2581 -1 29 -1 7118 -1 52 -1 29 -1 4535 -1 1025 -1 17 -1 323 -1 21 -1 8 -1 7119 -1 17 -1 52 -1 18 -1 11 -1 14 -1 26 -1 17 -1 8 -1 2581 -1 18 -1 7490 -1 -2
1369 -1 90 -1 1930 -1 1931 -1 21 -1 1843 -1 14 -1 428 -1 316 -1 1932 -1 510 -1 227 -1 72 -1 38 -1 74 -1 20 -1 124 -1 8 -1 897 -1 18 -1 8 -1 1933 -1 8 -1 1934 -1 8 -1 1935 -1 8 -1 1936 -1 1937 -1 1938 -1 271 -1 -2
36 -1 117 -1 19 -1 2262 -1 29 -1 45 -1 145 -1 124 -1 5532 -1 71 -1 54 -1 8 -1 2376 -1 21 -1 1285 -1 45 -1 71 -1 129 -1 4896 -1 45 -1 71 -1 129 -1 5777 -1 14 -1 45 -1 71 -1 129 -1 206 -1 14 -1 124 -1 632 -1 145 -1 71 -1 117 -1 18 -1 209 -1 71 -1 138 -1 8 -1 1788 -1 17 -1 4591 -1 14 -1 71 -1 1218 -1 468 -1 -2
310 -1 292 -1 582 -1 30 -1 985 -1 71 -1 753 -1 29 -1 492 -1 33 -1 3885 -1 12 -1 212 -1 591 -1 71 -1 270 -1 101 -1 225 -1 296 -1 3886 -1 186 -1 234 -1 224 -1 3887 -1 3888 -1 3889 -1 92 -1 2611 -1 40 -1 3890 -1 116 -1 922 -1 50 -1 2694 -1 290 -1 3414 -1 71 -1 323 -1 3891 -1 299 -1 3892 -1 165 -1 71 -1 3893 -1 14 -1 3894 -1 307 -1 52 -1 306 -1 18 -1 8 -1 3421 -1 18 -1 122 -1 1321 -1 39 -1 27 -1 18 -1 122 -1 38 -1 92 -1 2221 -1 -2
36 -1 30 -1 487 -1 52 -1 290 -1 8 -1 1564 -1 18 -1 11 -1 29 -1 487 -1 3283 -1 318 -1 436 -1 11 -1 2688 -1 52 -1 71 -1 318 -1 419 -1 39 -1 3 -1 8 -1 426 -1 18 -1 2667 -1 263 -1 -2
229 -1 299 -1 26 -1 5634 -1 18 -1 8 -1 193 -1 71 -1 40 -1 102 -1 19 -1 197 -1 17 -1 224 -1 5715 -1 880 -1 18 -1 89 -1 5716 -1 96 -1 17 -1 29 -1 40 -1 102 -1 19 -1 4177 -1 122 -1 692 -1 292 -1 8 -1 102 -1 279 -1 18 -1 391 -1 96 -1 86 -1 272 -1 307 -1 316 -1 996 -1 92 -1 1626 -1 18 -1 227 -1 319 -1 852 -1 219 -1 29 -1 211 -1 1334 -1 71 -1 8 -1 4488 -1 707 -1 18 -1 40 -1 193 -1 50 -1 63 -1 14 -1 63 -1 711 -1 227 -1 129 -1 1206 -1 14 -1 259 -1 29 -1 3772 -1 227 -1 5528 -1 1383 -1 2644 -1 14 -1 22 -1 696 -1 5717 -1 -2
6484 -1 197 -1 290 -1 40 -1 673 -1 568 -1 26 -1 38 -1 18 -1 5508 -1 18 -1 1632 -1 20 -1 197 -1 75 -1 545 -1 8 -1 2658 -1 21 -1 293 -1 7187 -1 604 -1 71 -1 480 -1 14 -1 1677 -1 469 -1 989 -1 18 -1 5324 -1 20 -1 8 -1 3801 -1 14 -1 8 -1 2443 -1 -2
229 -1 242 -1 175 -1 63 -1 405 -1 142 -1 542 -1 52 -1 71 -1 743 -1 1000 -1 234 -1 347 -1 19 -1 29 -1 17 -1 90 -1 40 -1 4940 -1 290 -1 40 -1 8089 -1 271 -1 -2
36 -1 234 -1 30 -1 290 -1 1019 -1 71 -1 3328 -1 30 -1 18 -1 3786 -1 71 -1 53 -1 30 -1 17 -1 212 -1 591 -1 1750 -1 39 -1 11 -1 49 -1 1103 -1 52 -1 8 -1 126 -1 3328 -1 1324 -1 8 -1 3787 -1 21 -1 322 -1 219 -1 810 -1 8 -1 8737 -1 71 -1 53 -1 8 -1 8738 -1 14 -1 8739 -1 219 -1 863 -1 160 -1 52 -1 401 -1 8738 -1 14 -1 8739 -1 39 -1 40 -1 3548 -1 900 -1 227 -1 522 -1 92 -1 4607 -1 -2
36 -1 20 -1 11 -1 266 -1 340 -1 1024 -1 8 -1 4530 -1 262 -1 8 -1 5571 -1 18 -1 5572 -1 858 -1 52 -1 3309 -1 318 -1 2355 -1 3 -1 6202 -1 54 -1 8 -1 3079 -1 1589 -1 1825 -1 318 -1 39 -1 354 -1 22 -1 18 -1 318 -1 20 -1 7271 -1 21 -1 227 -1 1408 -1 71 -1 8942 -1 292 -1 604 -1 71 -1 604 -1 227 -1 7447 -1 14 -1 1187 -1 -2
162 -1 21 -1 1318 -1 1361 -1 18 -1 690 -1 14 -1 1817 -1 3 -1 1818 -1 40 -1 332 -1 14 -1 352 -1 411 -1 21 -1 1246 -1 292 -1 8 -1 1819 -1 96 -1 124 -1 690 -1 71 -1 1779 -1 13 -1 3 -1 741 -1 18 -1 224 -1 18 -1 318 -1 71 -1 225 -1 14 -1 25 -1 71 -1 1664 -1 96 -1 124 -1 8 -1 1820 -1 18 -1 224 -1 1746 -1 71 -1 225 -1 1045 -1 51 -1 323 -1 71 -1 40 -1 294 -1 18 -1 54 -1 8 -1 1155 -1 18 -1 690 -1 1821 -1 71 -1 8 -1 567 -1 21 -1 403 -1 14 -1 29 -1 17 -1 30 -1 206 -1 390 -1 349 -1 -2
781 -1 785 -1 21 -1 64 -1 178 -1 1674 -1 197 -1 17 -1 414 -1 103 -1 1649 -1 14 -1 1650 -1 197 -1 27 -1 17 -1 414 -1 103 -1 146 -1 14 -1 492 -1 284 -1 63 -1 212 -1 414 -1 197 -1 146 -1 592 -1 470 -1 161 -1 54 -1 71 -1 125 -1 -2
229 -1 71 -1 8093 -1 40 -1 19 -1 29 -1 2395 -1 26 -1 1484 -1 29 -1 4535 -1 75 -1 8 -1 1025 -1 103 -1 1873 -1 18 -1 868 -1 21 -1 23 -1 3221 -1 3 -1 96 -1 29 -1 1484 -1 75 -1 52 -1 4672 -1 197 -1 3465 -1 212 -1 187 -1 21 -1 8 -1 1270 -1 759 -1 679 -1 21 -1 8 -1 3814 -1 -2
14 -1 80 -1 234 -1 197 -1 290 -1 52 -1 6733 -1 2884 -1 96 -1 2900 -1 5914 -1 14 -1 1985 -1 8 -1 669 -1 18 -1 146 -1 147 -1 290 -1 577 -1 -2
907 -1 224 -1 1143 -1 1350 -1 225 -1 64 -1 986 -1 17 -1 197 -1 18 -1 921 -1 8 -1 147 -1 18 -1 11 -1 3 -1 23 -1 543 -1 101 -1 29 -1 18 -1 146 -1 -2
1215 -1 71 -1 651 -1 3273 -1 97 -1 292 -1 33 -1 1376 -1 92 -1 3296 -1 20 -1 614 -1 20 -1 197 -1 17 -1 269 -1 18 -1 3297 -1 3256 -1 71 -1 1908 -1 -2
1363 -1 759 -1 18 -1 8 -1 8227 -1 1446 -1 101 -1 20 -1 130 -1 18 -1 8 -1 4620 -1 -2
229 -1 6087 -1 14 -1 619 -1 579 -1 102 -1 92 -1 2695 -1 124 -1 39 -1 1782 -1 -2
310 -1 21 -1 26 -1 27 -1 8 -1 34 -1 19 -1 5633 -1 122 -1 5634 -1 299 -1 8 -1 102 -1 104 -1 5635 -1 526 -1 8 -1 1933 -1 292 -1 8 -1 462 -1 158 -1 18 -1 8 -1 73 -1 4573 -1 30 -1 71 -1 8 -1 65 -1 492 -1 214 -1 13 -1 1930 -1 8 -1 65 -1 3 -1 8 -1 5636 -1 5637 -1 30 -1 586 -1 976 -1 71 -1 5638 -1 14 -1 5494 -1 103 -1 41 -1 54 -1 8 -1 130 -1 18 -1 8 -1 126 -1 -2
29 -1 219 -1 274 -1 1260 -1 3833 -1 759 -1 290 -1 811 -1 21 -1 3834 -1 759 -1 5091 -1 14 -1 6822 -1 20 -1 219 -1 858 -1 21 -1 227 -1 102 -1 478 -1 39 -1 1181 -1 103 -1 557 -1 21 -1 227 -1 286 -1 210 -1 316 -1 8 -1 7631 -1 4916 -1 18 -1 1843 -1 -2
1 -1 1 -1 1 -1 1111 -1 103 -1 8 -1 5540 -1 18 -1 178 -1 30 -1 17 -1 40 -1 493 -1 1086 -1 3 -1 174 -1 71 -1 209 -1 1316 -1 96 -1 292 -1 8 -1 988 -1 5546 -1 18 -1 293 -1 930 -1 1310 -1 4152 -1 14 -1 2567 -1 11 -1 1870 -1 245 -1 5137 -1 4030 -1 92 -1 103 -1 1321 -1 4151 -1 71 -1 344 -1 -2
310 -1 18 -1 8 -1 162 -1 265 -1 1769 -1 29 -1 8 -1 73 -1 17 -1 7732 -1 21 -1 5872 -1 936 -1 21 -1 7733 -1 7732 -1 21 -1 2435 -1 936 -1 21 -1 1214 -1 7732 -1 21 -1 7552 -1 936 -1 21 -1 186 -1 7732 -1 40 -1 102 -1 73 -1 936 -1 40 -1 3540 -1 73 -1 -2
191 -1 292 -1 8 -1 2061 -1 18 -1 22 -1 18 -1 318 -1 164 -1 -2
310 -1 219 -1 29 -1 846 -1 29 -1 96 -1 40 -1 1143 -1 2356 -1 142 -1 318 -1 21 -1 8 -1 731 -1 18 -1 11 -1 216 -1 8 -1 1378 -1 18 -1 8 -1 1143 -1 125 -1 1214 -1 71 -1 307 -1 14 -1 21 -1 307 -1 329 -1 14 -1 846 -1 2357 -1 8 -1 558 -1 18 -1 64 -1 265 -1 2358 -1 579 -1 265 -1 290 -1 40 -1 1421 -1 92 -1 40 -1 877 -1 1143 -1 -2
103 -1 219 -1 124 -1 52 -1 306 -1 1558 -1 3 -1 8 -1 462 -1 1911 -1 103 -1 96 -1 219 -1 124 -1 1604 -1 580 -1 197 -1 17 -1 33 -1 3267 -1 384 -1 39 -1 27 -1 3 -1 8 -1 696 -1 761 -1 14 -1 1282 -1 567 -1 71 -1 22 -1 5328 -1 -2
948 -1 1378 -1 632 -1 17 -1 243 -1 21 -1 8 -1 1270 -1 1351 -1 306 -1 -2
310 -1 1416 -1 199 -1 21 -1 8410 -1 18 -1 122 -1 162 -1 2784 -1 580 -1 265 -1 235 -1 1896 -1 5061 -1 -2
948 -1 17 -1 30 -1 29 -1 5275 -1 169 -1 8 -1 1577 -1 18 -1 8 -1 4969 -1 14 -1 8 -1 1577 -1 18 -1 8 -1 4969 -1 855 -1 8 -1 2672 -1 17 -1 591 -1 564 -1 230 -1 3 -1 339 -1 101 -1 22 -1 934 -1 -2
1198 -1 293 -1 1599 -1 7615 -1 29 -1 209 -1 7616 -1 160 -1 4628 -1 52 -1 3 -1 40 -1 4924 -1 1153 -1 71 -1 8 -1 4630 -1 14 -1 174 -1 18 -1 344 -1 39 -1 3 -1 8 -1 147 -1 18 -1 11 -1 29 -1 75 -1 1467 -1 18 -1 1212 -1 1590 -1 2586 -1 71 -1 1469 -1 3401 -1 38 -1 272 -1 8 -1 6648 -1 -2
21 -1 25 -1 199 -1 20 -1 212 -1 405 -1 2672 -1 3789 -1 21 -1 339 -1 92 -1 22 -1 934 -1 31 -1 290 -1 637 -1 230 -1 316 -1 40 -1 3352 -1 532 -1 18 -1 8 -1 2296 -1 1062 -1 103 -1 96 -1 8 -1 2672 -1 75 -1 13 -1 8 -1 294 -1 18 -1 96 -1 2296 -1 1062 -1 17 -1 21 -1 8 -1 4969 -1 -2
1 -1 1 -1 1 -1 595 -1 33 -1 2551 -1 1431 -1 18 -1 206 -1 5443 -1 2227 -1 40 -1 19 -1 138 -1 219 -1 3454 -1 8 -1 4620 -1 17 -1 33 -1 2322 -1 3312 -1 436 -1 219 -1 50 -1 413 -1 227 -1 4193 -1 71 -1 8 -1 3851 -1 3 -1 40 -1 339 -1 92 -1 3 -1 224 -1 19 -1 -2
20 -1 21 -1 40 -1 3134 -1 219 -1 4477 -1 8 -1 4646 -1 21 -1 1021 -1 122 -1 5109 -1 71 -1 8 -1 1913 -1 4720 -1 -2
36 -1 175 -1 893 -1 52 -1 39 -1 234 -1 30 -1 810 -1 395 -1 40 -1 493 -1 1165 -1 71 -1 347 -1 296 -1 905 -1 18 -1 3378 -1 92 -1 71 -1 8 -1 1626 -1 18 -1 206 -1 29 -1 63 -1 3378 -1 29 -1 8 -1 1402 -1 730 -1 18 -1 40 -1 1396 -1 1103 -1 290 -1 1376 -1 71 -1 988 -1 730 -1 18 -1 40 -1 1398 -1 29 -1 357 -1 1103 -1 63 -1 395 -1 234 -1 52 -1 3375 -1 80 -1 3 -1 8 -1 3379 -1 18 -1 54 -1 205 -1 18 -1 1466 -1 3380 -1 20 -1 1835 -1 20 -1 265 -1 138 -1 30 -1 1912 -1 75 -1 1205 -1 -2
2824 -1 292 -1 2481 -1 14 -1 41 -1 2826 -1 1 -1 1 -1 1 -1 1 -1 1 -1 1 -1 1 -1 1 -1 1 -1 1 -1 1 -1 1 -1 1 -1 1 -1 1 -1 96 -1 214 -1 8 -1 1812 -1 92 -1 162 -1 1484 -1 18 -1 1 -1 1 -1 1 -1 1 -1 1 -1 1 -1 1 -1 1 -1 1 -1 1 -1 1 -1 1 -1 1 -1 1 -1 1 -1 508 -1 17 -1 90 -1 2827 -1 2828 -1 1 -1 1 -1 1 -1 1 -1 1 -1 1 -1 1 -1 1 -1 1 -1 1 -1 1 -1 1 -1 1 -1 1 -1 1 -1 2829 -1 2830 -1 1 -1 1 -1 1 -1 1 -1 1 -1 1 -1 1 -1 1 -1 1 -1 1 -1 1 -1 1 -1 2831 -1 -2
1 -1 1 -1 1 -1 4611 -1 4612 -1 636 -1 602 -1 756 -1 758 -1 2072 -1 14 -1 3913 -1 14 -1 632 -1 20 -1 614 -1 20 -1 219 -1 290 -1 161 -1 3244 -1 219 -1 124 -1 52 -1 1880 -1 299 -1 227 -1 4613 -1 -2
436 -1 266 -1 8 -1 870 -1 18 -1 3358 -1 1312 -1 25 -1 4858 -1 20 -1 30 -1 75 -1 4863 -1 71 -1 5443 -1 318 -1 30 -1 75 -1 754 -1 2418 -1 3 -1 8 -1 5923 -1 29 -1 206 -1 1103 -1 3314 -1 8 -1 4946 -1 1791 -1 18 -1 8 -1 870 -1 -2
1 -1 1 -1 1 -1 3351 -1 18 -1 102 -1 1062 -1 3256 -1 40 -1 19 -1 71 -1 3390 -1 25 -1 20 -1 71 -1 846 -1 22 -1 696 -1 3391 -1 -2
1 -1 1 -1 1 -1 717 -1 17 -1 1873 -1 758 -1 4037 -1 18 -1 905 -1 71 -1 8 -1 493 -1 8 -1 493 -1 14 -1 4037 -1 92 -1 4072 -1 29 -1 17 -1 4073 -1 18 -1 8 -1 493 -1 435 -1 -2
907 -1 265 -1 53 -1 30 -1 17 -1 1135 -1 617 -1 265 -1 17 -1 52 -1 71 -1 4049 -1 30 -1 -2
36 -1 1155 -1 18 -1 934 -1 124 -1 52 -1 8 -1 941 -1 18 -1 122 -1 147 -1 266 -1 23 -1 1155 -1 124 -1 941 -1 18 -1 8 -1 1165 -1 39 -1 919 -1 941 -1 18 -1 1490 -1 14 -1 5278 -1 71 -1 96 -1 54 -1 344 -1 17 -1 328 -1 4265 -1 -2
1999 -1 8 -1 697 -1 630 -1 29 -1 96 -1 3 -1 45 -1 1828 -1 941 -1 2000 -1 332 -1 14 -1 8 -1 977 -1 29 -1 96 -1 2000 -1 333 -1 -2
310 -1 97 -1 114 -1 290 -1 3212 -1 103 -1 3953 -1 306 -1 436 -1 3 -1 29 -1 1378 -1 17 -1 230 -1 6685 -1 103 -1 3953 -1 80 -1 8 -1 905 -1 18 -1 6682 -1 17 -1 52 -1 1383 -1 399 -1 292 -1 311 -1 3953 -1 39 -1 292 -1 3508 -1 186 -1 -2
103 -1 26 -1 7154 -1 7151 -1 17 -1 505 -1 71 -1 63 -1 3045 -1 14 -1 7155 -1 161 -1 8 -1 6200 -1 18 -1 8 -1 7156 -1 14 -1 71 -1 63 -1 7157 -1 299 -1 2667 -1 -2
14 -1 1158 -1 212 -1 2385 -1 18 -1 8 -1 1244 -1 212 -1 3933 -1 759 -1 537 -1 18 -1 8 -1 1316 -1 29 -1 50 -1 290 -1 3934 -1 3 -1 2567 -1 212 -1 3935 -1 3936 -1 212 -1 2888 -1 18 -1 2026 -1 14 -1 3937 -1 74 -1 24 -1 20 -1 2013 -1 199 -1 1204 -1 212 -1 294 -1 18 -1 8 -1 3649 -1 18 -1 8 -1 1244 -1 212 -1 1434 -1 18 -1 604 -1 212 -1 1332 -1 212 -1 1231 -1 212 -1 1261 -1 14 -1 96 -1 17 -1 3938 -1 18 -1 54 -1 667 -1 270 -1 14 -1 2092 -1 18 -1 3939 -1 154 -1 14 -1 8 -1 38 -1 18 -1 19 -1 3940 -1 3338 -1 3941 -1 3942 -1 14 -1 825 -1 -2
2780 -1 124 -1 632 -1 212 -1 690 -1 18 -1 24 -1 39 -1 941 -1 3 -1 96 -1 51 -1 32 -1 855 -1 29 -1 51 -1 704 -1 8 -1 1280 -1 18 -1 224 -1 731 -1 92 -1 2655 -1 71 -1 225 -1 -2
502 -1 29 -1 8 -1 1032 -1 18 -1 8 -1 187 -1 18 -1 8 -1 2349 -1 17 -1 1049 -1 71 -1 26 -1 -2
284 -1 8 -1 2658 -1 90 -1 847 -1 14 -1 7126 -1 332 -1 92 -1 2298 -1 20 -1 8 -1 629 -1 90 -1 8 -1 126 -1 3 -1 8 -1 731 -1 18 -1 2610 -1 -2
310 -1 632 -1 219 -1 29 -1 124 -1 2376 -1 71 -1 40 -1 4646 -1 602 -1 316 -1 122 -1 1535 -1 1486 -1 798 -1 3134 -1 14 -1 1039 -1 71 -1 8 -1 1777 -1 18 -1 40 -1 4647 -1 2129 -1 759 -1 1314 -1 227 -1 707 -1 292 -1 307 -1 29 -1 4538 -1 30 -1 71 -1 225 -1 19 -1 23 -1 4620 -1 18 -1 206 -1 -2
229 -1 181 -1 2667 -1 161 -1 8 -1 2803 -1 14 -1 7006 -1 161 -1 8 -1 4683 -1 179 -1 810 -1 181 -1 18 -1 318 -1 8 -1 152 -1 107 -1 -2
29 -1 122 -1 1206 -1 14 -1 1626 -1 290 -1 52 -1 1583 -1 299 -1 8 -1 1206 -1 14 -1 1626 -1 18 -1 307 -1 265 -1 5670 -1 -2
36 -1 284 -1 934 -1 3822 -1 292 -1 8 -1 2690 -1 1056 -1 11 -1 124 -1 21 -1 26 -1 414 -1 1388 -1 71 -1 3822 -1 292 -1 1056 -1 2992 -1 -2
1 -1 1 -1 1 -1 229 -1 234 -1 8 -1 4488 -1 290 -1 33 -1 4620 -1 600 -1 29 -1 4620 -1 274 -1 4552 -1 52 -1 5290 -1 3 -1 227 -1 1231 -1 92 -1 8 -1 145 -1 17 -1 8 -1 831 -1 18 -1 8 -1 4620 -1 92 -1 73 -1 159 -1 14 -1 8 -1 831 -1 18 -1 117 -1 224 -1 3 -1 104 -1 5292 -1 8 -1 4552 -1 75 -1 13 -1 39 -1 52 -1 8 -1 831 -1 18 -1 347 -1 19 -1 29 -1 214 -1 410 -1 4639 -1 71 -1 8 -1 1165 -1 759 -1 18 -1 347 -1 19 -1 3206 -1 553 -1 265 -1 4639 -1 30 -1 3 -1 5293 -1 -2
25 -1 29 -1 2672 -1 14 -1 905 -1 1602 -1 20 -1 199 -1 20 -1 3284 -1 14 -1 2221 -1 96 -1 21 -1 224 -1 14 -1 8 -1 126 -1 178 -1 124 -1 1583 -1 -2
6633 -1 219 -1 32 -1 8 -1 1764 -1 18 -1 332 -1 14 -1 2298 -1 3 -1 227 -1 319 -1 9040 -1 14 -1 9148 -1 3 -1 96 -1 1042 -1 21 -1 25 -1 89 -1 384 -1 18 -1 420 -1 197 -1 17 -1 470 -1 942 -1 1678 -1 381 -1 39 -1 117 -1 224 -1 61 -1 20 -1 1835 -1 20 -1 265 -1 3910 -1 600 -1 438 -1 332 -1 21 -1 122 -1 319 -1 382 -1 71 -1 8 -1 8393 -1 18 -1 193 -1 -2
103 -1 64 -1 17 -1 885 -1 3 -1 224 -1 29 -1 3510 -1 3 -1 1913 -1 187 -1 8 -1 193 -1 3510 -1 14 -1 12 -1 40 -1 5634 -1 18 -1 2672 -1 1045 -1 8 -1 126 -1 187 -1 6122 -1 30 -1 14 -1 21 -1 54 -1 5324 -1 29 -1 2820 -1 52 -1 21 -1 318 -1 40 -1 6123 -1 18 -1 8 -1 188 -1 186 -1 759 -1 124 -1 2227 -1 33 -1 1422 -1 2672 -1 6024 -1 394 -1 852 -1 265 -1 29 -1 6124 -1 122 -1 312 -1 381 -1 122 -1 1673 -1 932 -1 918 -1 1479 -1 71 -1 8 -1 6125 -1 92 -1 1490 -1 179 -1 71 -1 1403 -1 92 -1 584 -1 -2
310 -1 632 -1 492 -1 197 -1 17 -1 212 -1 319 -1 29 -1 17 -1 212 -1 3979 -1 197 -1 17 -1 212 -1 3762 -1 14 -1 492 -1 197 -1 17 -1 212 -1 4142 -1 186 -1 4237 -1 29 -1 17 -1 492 -1 197 -1 17 -1 212 -1 193 -1 197 -1 17 -1 212 -1 3979 -1 54 -1 206 -1 836 -1 905 -1 71 -1 54 -1 24 -1 -2
1 -1 1 -1 1 -1 388 -1 1257 -1 4037 -1 18 -1 905 -1 17 -1 29 -1 96 -1 206 -1 390 -1 1262 -1 -2
229 -1 21 -1 29 -1 175 -1 538 -1 965 -1 71 -1 6789 -1 96 -1 17 -1 8 -1 174 -1 14 -1 184 -1 18 -1 40 -1 192 -1 193 -1 44 -1 197 -1 2260 -1 199 -1 272 -1 2695 -1 5954 -1 18 -1 8 -1 147 -1 18 -1 11 -1 8 -1 2305 -1 18 -1 351 -1 732 -1 343 -1 290 -1 52 -1 306 -1 8 -1 102 -1 1378 -1 18 -1 11 -1 39 -1 27 -1 8 -1 6790 -1 -2
29 -1 17 -1 2509 -1 17 -1 88 -1 3 -1 7981 -1 30 -1 21 -1 14 -1 926 -1 21 -1 3 -1 7046 -1 -2
781 -1 276 -1 641 -1 8 -1 7077 -1 1769 -1 18 -1 318 -1 29 -1 2703 -1 26 -1 1484 -1 4535 -1 17 -1 8 -1 1025 -1 274 -1 3889 -1 912 -1 45 -1 23 -1 304 -1 29 -1 290 -1 303 -1 29 -1 219 -1 274 -1 52 -1 290 -1 5611 -1 21 -1 29 -1 3406 -1 96 -1 8883 -1 8 -1 16 -1 39 -1 274 -1 753 -1 510 -1 30 -1 71 -1 3825 -1 39 -1 25 -1 20 -1 71 -1 479 -1 14 -1 5254 -1 227 -1 697 -1 1477 -1 -2
36 -1 3 -1 29 -1 96 -1 592 -1 395 -1 505 -1 685 -1 212 -1 19 -1 17 -1 2138 -1 3442 -1 3 -1 3734 -1 52 -1 71 -1 4187 -1 2525 -1 14 -1 1158 -1 30 -1 602 -1 290 -1 76 -1 29 -1 265 -1 818 -1 347 -1 905 -1 71 -1 225 -1 71 -1 1713 -1 3939 -1 1356 -1 272 -1 122 -1 707 -1 -2
1 -1 1 -1 1 -1 310 -1 632 -1 8 -1 2042 -1 206 -1 216 -1 292 -1 4381 -1 21 -1 934 -1 92 -1 4380 -1 266 -1 219 -1 481 -1 212 -1 23 -1 2522 -1 101 -1 8 -1 410 -1 2054 -1 18 -1 307 -1 29 -1 17 -1 6185 -1 12 -1 395 -1 6186 -1 21 -1 8 -1 145 -1 18 -1 8 -1 629 -1 2657 -1 14 -1 23 -1 181 -1 2606 -1 14 -1 2772 -1 2818 -1 1110 -1 8 -1 1421 -1 400 -1 18 -1 74 -1 2054 -1 71 -1 3725 -1 52 -1 21 -1 8 -1 4381 -1 96 -1 1732 -1 212 -1 2346 -1 272 -1 206 -1 2162 -1 18 -1 227 -1 319 -1 647 -1 39 -1 21 -1 8 -1 2087 -1 18 -1 307 -1 29 -1 17 -1 1880 -1 3 -1 30 -1 -2
1 -1 1 -1 1 -1 229 -1 219 -1 29 -1 2013 -1 33 -1 1855 -1 5809 -1 18 -1 26 -1 5895 -1 334 -1 318 -1 2739 -1 162 -1 8 -1 276 -1 934 -1 18 -1 293 -1 1599 -1 71 -1 5061 -1 -2
229 -1 197 -1 17 -1 758 -1 284 -1 988 -1 989 -1 18 -1 3195 -1 26 -1 1873 -1 29 -1 21 -1 1262 -1 175 -1 3195 -1 3 -1 647 -1 18 -1 351 -1 319 -1 186 -1 14 -1 8 -1 4078 -1 896 -1 39 -1 21 -1 26 -1 322 -1 18 -1 1754 -1 4084 -1 175 -1 538 -1 4117 -1 71 -1 3195 -1 306 -1 3 -1 8 -1 4118 -1 18 -1 8 -1 4119 -1 -2
310 -1 25 -1 234 -1 51 -1 176 -1 347 -1 224 -1 18 -1 8 -1 505 -1 184 -1 51 -1 274 -1 1824 -1 479 -1 29 -1 8 -1 2703 -1 18 -1 54 -1 8 -1 398 -1 147 -1 481 -1 212 -1 669 -1 21 -1 8 -1 590 -1 18 -1 1263 -1 14 -1 1632 -1 8 -1 787 -1 103 -1 96 -1 54 -1 2818 -1 124 -1 3681 -1 -2
315 -1 21 -1 8 -1 967 -1 3640 -1 92 -1 3446 -1 18 -1 1494 -1 90 -1 3641 -1 -2
36 -1 30 -1 17 -1 8 -1 126 -1 7885 -1 18 -1 40 -1 2992 -1 71 -1 4417 -1 71 -1 225 -1 2992 -1 579 -1 265 -1 290 -1 163 -1 779 -1 3 -1 40 -1 5112 -1 342 -1 92 -1 3 -1 1339 -1 -2
14 -1 8 -1 1032 -1 17 -1 212 -1 591 -1 579 -1 64 -1 51 -1 479 -1 1135 -1 290 -1 40 -1 3774 -1 579 -1 8 -1 3774 -1 51 -1 480 -1 92 -1 221 -1 18 -1 160 -1 40 -1 496 -1 86 -1 14 -1 52 -1 8 -1 831 -1 18 -1 40 -1 450 -1 92 -1 3376 -1 39 -1 21 -1 979 -1 1414 -1 579 -1 8 -1 7567 -1 290 -1 1421 -1 92 -1 40 -1 556 -1 -2
2169 -1 8 -1 1165 -1 3258 -1 206 -1 14 -1 3259 -1 52 -1 3235 -1 299 -1 227 -1 410 -1 1508 -1 20 -1 27 -1 54 -1 206 -1 29 -1 124 -1 914 -1 18 -1 3145 -1 1788 -1 124 -1 2678 -1 71 -1 975 -1 8 -1 1062 -1 18 -1 153 -1 14 -1 71 -1 555 -1 779 -1 2027 -1 14 -1 150 -1 -2
96 -1 234 -1 30 -1 290 -1 316 -1 1867 -1 14 -1 316 -1 9358 -1 8 -1 357 -1 18 -1 1025 -1 3 -1 293 -1 4942 -1 71 -1 8 -1 707 -1 18 -1 122 -1 5466 -1 8 -1 2391 -1 96 -1 8 -1 7077 -1 5452 -1 21 -1 8 -1 7184 -1 17 -1 1163 -1 8 -1 1142 -1 -2
103 -1 219 -1 31 -1 125 -1 30 -1 3 -1 227 -1 319 -1 187 -1 219 -1 31 -1 3 -1 227 -1 319 -1 187 -1 211 -1 932 -1 29 -1 8 -1 4316 -1 17 -1 3212 -1 96 -1 17 -1 20 -1 199 -1 20 -1 71 -1 290 -1 824 -1 21 -1 227 -1 319 -1 400 -1 -2
1892 -1 266 -1 265 -1 29 -1 1893 -1 8 -1 349 -1 18 -1 467 -1 31 -1 256 -1 8 -1 126 -1 29 -1 17 -1 71 -1 53 -1 1681 -1 8 -1 558 -1 179 -1 353 -1 71 -1 225 -1 -2
5965 -1 14 -1 3853 -1 124 -1 1741 -1 52 -1 401 -1 3620 -1 39 -1 80 -1 219 -1 124 -1 52 -1 3773 -1 39 -1 1024 -1 71 -1 753 -1 3 -1 287 -1 1190 -1 3366 -1 14 -1 23 -1 102 -1 1798 -1 3 -1 96 -1 11 -1 380 -1 318 -1 21 -1 1212 -1 4901 -1 161 -1 74 -1 604 -1 20 -1 340 -1 964 -1 2418 -1 -2
1 -1 1 -1 1 -1 3976 -1 18 -1 312 -1 17 -1 3 -1 2263 -1 1217 -1 262 -1 4321 -1 14 -1 4322 -1 -2
36 -1 265 -1 29 -1 12 -1 517 -1 3 -1 64 -1 1173 -1 14 -1 605 -1 40 -1 1174 -1 247 -1 12 -1 162 -1 323 -1 262 -1 152 -1 153 -1 14 -1 617 -1 71 -1 1175 -1 272 -1 8 -1 665 -1 18 -1 8 -1 1176 -1 18 -1 347 -1 23 -1 247 -1 147 -1 1150 -1 8 -1 276 -1 153 -1 14 -1 8 -1 276 -1 1173 -1 63 -1 395 -1 197 -1 27 -1 -2
310 -1 632 -1 18 -1 1219 -1 14 -1 877 -1 953 -1 21 -1 322 -1 219 -1 290 -1 1368 -1 197 -1 31 -1 290 -1 212 -1 532 -1 97 -1 22 -1 220 -1 219 -1 535 -1 617 -1 266 -1 219 -1 125 -1 39 -1 1605 -1 8 -1 934 -1 1606 -1 92 -1 1607 -1 318 -1 21 -1 227 -1 393 -1 -2
36 -1 234 -1 197 -1 160 -1 219 -1 235 -1 63 -1 395 -1 634 -1 586 -1 21 -1 45 -1 414 -1 92 -1 23 -1 852 -1 51 -1 479 -1 197 -1 592 -1 52 -1 1468 -1 395 -1 347 -1 193 -1 492 -1 209 -1 184 -1 63 -1 395 -1 2921 -1 92 -1 6473 -1 -2
25 -1 29 -1 1260 -1 347 -1 224 -1 19 -1 759 -1 8 -1 72 -1 2353 -1 487 -1 557 -1 18 -1 227 -1 7832 -1 53 -1 265 -1 75 -1 227 -1 5466 -1 39 -1 18 -1 40 -1 8277 -1 579 -1 8 -1 3202 -1 265 -1 8278 -1 160 -1 71 -1 1324 -1 8164 -1 92 -1 4341 -1 4520 -1 71 -1 8 -1 2345 -1 266 -1 219 -1 2775 -1 21 -1 409 -1 2621 -1 381 -1 40 -1 930 -1 5296 -1 92 -1 272 -1 8279 -1 20 -1 21 -1 8 -1 162 -1 696 -1 92 -1 71 -1 216 -1 40 -1 1001 -1 18 -1 8 -1 2487 -1 18 -1 2251 -1 92 -1 18 -1 8 -1 3387 -1 92 -1 23 -1 2801 -1 136 -1 18 -1 8 -1 2353 -1 8 -1 72 -1 4673 -1 231 -1 715 -1 390 -1 307 -1 227 -1 5466 -1 -2
96 -1 765 -1 219 -1 479 -1 637 -1 1019 -1 266 -1 8 -1 107 -1 17 -1 21 -1 33 -1 4620 -1 18 -1 8 -1 870 -1 39 -1 21 -1 40 -1 4646 -1 219 -1 479 -1 30 -1 52 -1 14 -1 80 -1 8 -1 186 -1 18 -1 107 -1 17 -1 8 -1 126 -1 21 -1 4767 -1 30 -1 290 -1 3985 -1 -2
502 -1 50 -1 8 -1 3818 -1 27 -1 216 -1 64 -1 17 -1 5229 -1 318 -1 3 -1 227 -1 8245 -1 39 -1 52 -1 1855 -1 64 -1 17 -1 52 -1 5229 -1 -2
6863 -1 267 -1 8 -1 126 -1 97 -1 219 -1 1525 -1 318 -1 21 -1 771 -1 641 -1 -2
1389 -1 96 -1 51 -1 50 -1 479 -1 29 -1 219 -1 1232 -1 124 -1 52 -1 90 -1 71 -1 1334 -1 31 -1 63 -1 212 -1 332 -1 1334 -1 21 -1 74 -1 503 -1 71 -1 3570 -1 -2
2509 -1 17 -1 1230 -1 27 -1 71 -1 8012 -1 71 -1 8013 -1 18 -1 3416 -1 14 -1 71 -1 8 -1 1656 -1 18 -1 40 -1 8014 -1 18 -1 8015 -1 3 -1 54 -1 96 -1 8016 -1 17 -1 2447 -1 14 -1 1158 -1 197 -1 31 -1 21 -1 29 -1 604 -1 290 -1 212 -1 1968 -1 3809 -1 -2
1 -1 310 -1 3790 -1 8 -1 1235 -1 18 -1 7987 -1 75 -1 791 -1 18 -1 8 -1 2581 -1 18 -1 202 -1 103 -1 2667 -1 810 -1 4035 -1 122 -1 1356 -1 272 -1 307 -1 -2
229 -1 2667 -1 14 -1 2683 -1 14 -1 8 -1 656 -1 2945 -1 3612 -1 160 -1 8 -1 152 -1 4766 -1 -2
1 -1 1 -1 1 -1 1369 -1 1368 -1 731 -1 17 -1 1370 -1 381 -1 22 -1 24 -1 103 -1 227 -1 257 -1 21 -1 45 -1 375 -1 92 -1 23 -1 376 -1 -2
1 -1 1 -1 1 -1 1389 -1 96 -1 1503 -1 30 -1 17 -1 1422 -1 29 -1 51 -1 124 -1 52 -1 71 -1 1434 -1 20 -1 347 -1 47 -1 179 -1 29 -1 389 -1 294 -1 90 -1 692 -1 21 -1 96 -1 441 -1 1122 -1 436 -1 30 -1 17 -1 52 -1 1333 -1 3 -1 1547 -1 39 -1 634 -1 20 -1 637 -1 21 -1 2383 -1 947 -1 20 -1 21 -1 19 -1 14 -1 17 -1 39 -1 40 -1 143 -1 18 -1 9098 -1 18 -1 1109 -1 21 -1 696 -1 657 -1 580 -1 8 -1 2224 -1 18 -1 117 -1 577 -1 5852 -1 9099 -1 8 -1 669 -1 9100 -1 8 -1 1137 -1 18 -1 8 -1 84 -1 1128 -1 -2
1 -1 1 -1 1 -1 1111 -1 103 -1 23 -1 5232 -1 219 -1 1945 -1 381 -1 8 -1 751 -1 18 -1 8 -1 2672 -1 -2
310 -1 175 -1 147 -1 211 -1 4105 -1 8 -1 8073 -1 18 -1 3268 -1 600 -1 4433 -1 5971 -1 4440 -1 381 -1 1244 -1 274 -1 290 -1 3442 -1 21 -1 3268 -1 14 -1 600 -1 4433 -1 5971 -1 5708 -1 381 -1 1244 -1 274 -1 290 -1 7756 -1 21 -1 3268 -1 -2
103 -1 227 -1 186 -1 17 -1 8 -1 126 -1 14 -1 219 -1 124 -1 20 -1 567 -1 71 -1 333 -1 1334 -1 14 -1 71 -1 290 -1 4850 -1 3 -1 4851 -1 20 -1 40 -1 4646 -1 3 -1 4852 -1 14 -1 4853 -1 224 -1 1915 -1 4852 -1 1324 -1 224 -1 1915 -1 2077 -1 14 -1 2084 -1 3 -1 4854 -1 -2
310 -1 7002 -1 5824 -1 1 -1 1769 -1 8 -1 126 -1 5212 -1 5976 -1 7260 -1 274 -1 290 -1 7310 -1 14 -1 197 -1 274 -1 290 -1 7298 -1 14 -1 8 -1 2487 -1 18 -1 7148 -1 274 -1 2611 -1 227 -1 4496 -1 29 -1 17 -1 8 -1 4496 -1 18 -1 8 -1 3053 -1 96 -1 4496 -1 265 -1 7780 -1 591 -1 2401 -1 21 -1 8 -1 2822 -1 3670 -1 3 -1 8 -1 7781 -1 18 -1 7782 -1 8 -1 4152 -1 18 -1 8 -1 7437 -1 8 -1 5041 -1 18 -1 7783 -1 18 -1 7767 -1 6818 -1 14 -1 8 -1 680 -1 18 -1 8 -1 7784 -1 14 -1 7785 -1 299 -1 284 -1 934 -1 8 -1 2483 -1 274 -1 290 -1 8 -1 4747 -1 -2
1 -1 1 -1 1 -1 191 -1 436 -1 8 -1 4638 -1 47 -1 12 -1 3 -1 4669 -1 675 -1 3824 -1 40 -1 188 -1 265 -1 29 -1 4670 -1 343 -1 242 -1 1985 -1 299 -1 8 -1 398 -1 29 -1 17 -1 290 -1 3235 -1 71 -1 4671 -1 54 -1 8 -1 312 -1 265 -1 274 -1 125 -1 92 -1 468 -1 875 -1 290 -1 4672 -1 3 -1 8 -1 398 -1 -2
388 -1 934 -1 682 -1 17 -1 351 -1 73 -1 124 -1 1388 -1 71 -1 284 -1 682 -1 630 -1 92 -1 5493 -1 351 -1 73 -1 14 -1 30 -1 17 -1 33 -1 1517 -1 1399 -1 18 -1 548 -1 -2
1 -1 1 -1 1 -1 2405 -1 284 -1 7898 -1 8247 -1 21 -1 8 -1 2353 -1 562 -1 8226 -1 8243 -1 2677 -1 3818 -1 14 -1 6378 -1 104 -1 1090 -1 75 -1 71 -1 6506 -1 1025 -1 71 -1 8 -1 2658 -1 14 -1 8020 -1 14 -1 71 -1 993 -1 14 -1 256 -1 209 -1 29 -1 3692 -1 51 -1 221 -1 21 -1 8 -1 6887 -1 2687 -1 18 -1 212 -1 23 -1 -2
14 -1 266 -1 206 -1 29 -1 220 -1 58 -1 1700 -1 101 -1 54 -1 922 -1 1701 -1 14 -1 1702 -1 905 -1 146 -1 103 -1 824 -1 80 -1 1061 -1 212 -1 591 -1 39 -1 29 -1 24 -1 1103 -1 290 -1 1703 -1 3 -1 212 -1 23 -1 311 -1 146 -1 39 -1 227 -1 319 -1 30 -1 17 -1 20 -1 1704 -1 21 -1 8 -1 1261 -1 18 -1 206 -1 20 -1 30 -1 17 -1 21 -1 1007 -1 568 -1 1705 -1 17 -1 1706 -1 71 -1 537 -1 103 -1 1705 -1 381 -1 117 -1 1088 -1 29 -1 1707 -1 44 -1 219 -1 63 -1 84 -1 21 -1 227 -1 403 -1 -2
103 -1 3 -1 74 -1 3771 -1 17 -1 9048 -1 242 -1 4557 -1 14 -1 17 -1 8 -1 126 -1 299 -1 8 -1 9049 -1 18 -1 8 -1 3053 -1 -2
581 -1 26 -1 30 -1 663 -1 2218 -1 29 -1 265 -1 29 -1 4305 -1 1893 -1 275 -1 122 -1 319 -1 1861 -1 -2
310 -1 272 -1 26 -1 2305 -1 30 -1 17 -1 29 -1 27 -1 21 -1 2376 -1 1232 -1 6215 -1 2990 -1 8 -1 187 -1 18 -1 8 -1 193 -1 5421 -1 8 -1 4220 -1 17 -1 4183 -1 1544 -1 52 -1 306 -1 71 -1 8 -1 4982 -1 39 -1 27 -1 71 -1 8 -1 1783 -1 14 -1 1785 -1 1843 -1 52 -1 80 -1 21 -1 214 -1 14 -1 1158 -1 5155 -1 18 -1 8 -1 1822 -1 103 -1 96 -1 219 -1 124 -1 6254 -1 -2
340 -1 29 -1 4030 -1 71 -1 8 -1 3338 -1 5307 -1 71 -1 8 -1 2690 -1 -2
26 -1 17 -1 1611 -1 71 -1 318 -1 104 -1 3120 -1 160 -1 8020 -1 14 -1 80 -1 219 -1 124 -1 6800 -1 71 -1 2952 -1 318 -1 21 -1 54 -1 24 -1 -2
388 -1 162 -1 400 -1 267 -1 52 -1 2226 -1 2777 -1 467 -1 262 -1 8 -1 1035 -1 3 -1 1204 -1 18 -1 8 -1 2778 -1 2779 -1 18 -1 8 -1 1035 -1 1062 -1 3 -1 96 -1 30 -1 50 -1 1193 -1 30 -1 71 -1 86 -1 -2
388 -1 4213 -1 29 -1 242 -1 17 -1 592 -1 395 -1 1020 -1 3 -1 8 -1 145 -1 152 -1 -2
310 -1 492 -1 30 -1 17 -1 505 -1 2680 -1 175 -1 63 -1 2681 -1 299 -1 8 -1 2581 -1 18 -1 202 -1 71 -1 32 -1 2682 -1 103 -1 2683 -1 17 -1 52 -1 241 -1 40 -1 2581 -1 1320 -1 262 -1 318 -1 29 -1 31 -1 32 -1 2682 -1 39 -1 8 -1 202 -1 18 -1 227 -1 319 -1 847 -1 21 -1 29 -1 356 -1 18 -1 86 -1 -2
1111 -1 234 -1 8 -1 848 -1 18 -1 138 -1 219 -1 6812 -1 160 -1 52 -1 5583 -1 18 -1 227 -1 319 -1 430 -1 39 -1 18 -1 8 -1 1784 -1 92 -1 18 -1 3268 -1 92 -1 3271 -1 52 -1 1782 -1 39 -1 849 -1 299 -1 185 -1 20 -1 199 -1 146 -1 20 -1 234 -1 224 -1 1103 -1 53 -1 265 -1 821 -1 122 -1 319 -1 2361 -1 21 -1 40 -1 3466 -1 92 -1 8 -1 849 -1 18 -1 8 -1 644 -1 21 -1 40 -1 3535 -1 92 -1 390 -1 8 -1 1517 -1 524 -1 18 -1 8 -1 642 -1 18 -1 8 -1 2481 -1 18 -1 1825 -1 40 -1 6829 -1 8 -1 2665 -1 92 -1 2361 -1 18 -1 29 -1 89 -1 642 -1 29 -1 8918 -1 8 -1 72 -1 521 -1 16 -1 -2
1 -1 1 -1 1 -1 460 -1 23 -1 690 -1 124 -1 39 -1 547 -1 486 -1 14 -1 209 -1 18 -1 988 -1 989 -1 -2
1 -1 1 -1 1 -1 310 -1 632 -1 266 -1 51 -1 1774 -1 71 -1 11 -1 40 -1 147 -1 30 -1 17 -1 52 -1 71 -1 290 -1 230 -1 20 -1 29 -1 18 -1 19 -1 103 -1 40 -1 83 -1 587 -1 39 -1 20 -1 8 -1 186 -1 3 -1 96 -1 340 -1 6747 -1 571 -1 -2
21 -1 96 -1 414 -1 3 -1 2589 -1 17 -1 230 -1 40 -1 609 -1 29 -1 17 -1 33 -1 1784 -1 92 -1 2581 -1 120 -1 96 -1 231 -1 290 -1 90 -1 20 -1 21 -1 8 -1 697 -1 414 -1 8 -1 2589 -1 18 -1 11 -1 436 -1 30 -1 75 -1 3508 -1 86 -1 -2
2509 -1 17 -1 2557 -1 1272 -1 219 -1 160 -1 405 -1 568 -1 8 -1 6563 -1 21 -1 6945 -1 29 -1 8 -1 1909 -1 18 -1 318 -1 17 -1 428 -1 1045 -1 29 -1 604 -1 -2
262 -1 347 -1 18 -1 8 -1 2772 -1 1308 -1 25 -1 20 -1 71 -1 32 -1 8 -1 126 -1 533 -1 92 -1 262 -1 347 -1 2773 -1 94 -1 74 -1 20 -1 219 -1 160 -1 2774 -1 1245 -1 29 -1 2775 -1 266 -1 8 -1 94 -1 450 -1 75 -1 2776 -1 -2
907 -1 284 -1 2658 -1 18 -1 8063 -1 160 -1 52 -1 1232 -1 468 -1 75 -1 8 -1 824 -1 18 -1 64 -1 5061 -1 -2
5062 -1 267 -1 52 -1 5067 -1 3249 -1 307 -1 29 -1 8490 -1 759 -1 8491 -1 759 -1 5516 -1 759 -1 8492 -1 307 -1 96 -1 3579 -1 50 -1 54 -1 125 -1 39 -1 1482 -1 122 -1 1000 -1 29 -1 265 -1 50 -1 290 -1 5103 -1 -2
2509 -1 17 -1 632 -1 1018 -1 29 -1 209 -1 934 -1 160 -1 405 -1 568 -1 122 -1 6899 -1 -2
103 -1 21 -1 26 -1 322 -1 265 -1 5214 -1 52 -1 8 -1 2908 -1 18 -1 8 -1 193 -1 -2
922 -1 13 -1 2005 -1 3 -1 8 -1 193 -1 20 -1 6238 -1 2949 -1 2948 -1 92 -1 347 -1 23 -1 1362 -1 1570 -1 18 -1 8 -1 4766 -1 2164 -1 -2
36 -1 265 -1 17 -1 1754 -1 29 -1 31 -1 290 -1 1754 -1 266 -1 265 -1 147 -1 -2
1 -1 1 -1 1 -1 781 -1 26 -1 3882 -1 8 -1 162 -1 2672 -1 17 -1 103 -1 1657 -1 18 -1 8 -1 4152 -1 435 -1 -2
310 -1 26 -1 75 -1 30 -1 293 -1 84 -1 215 -1 2992 -1 1022 -1 4947 -1 4948 -1 161 -1 21 -1 4949 -1 8 -1 4716 -1 18 -1 122 -1 988 -1 4950 -1 18 -1 3110 -1 14 -1 4951 -1 -2
1 -1 1 -1 1 -1 379 -1 1032 -1 602 -1 290 -1 7061 -1 316 -1 40 -1 591 -1 129 -1 2061 -1 18 -1 8 -1 2483 -1 18 -1 11 -1 292 -1 662 -1 27 -1 51 -1 124 -1 71 -1 824 -1 18 -1 8 -1 187 -1 18 -1 7062 -1 8 -1 1270 -1 -2
36 -1 679 -1 40 -1 19 -1 29 -1 12 -1 212 -1 537 -1 18 -1 548 -1 161 -1 54 -1 74 -1 20 -1 17 -1 1180 -1 14 -1 1393 -1 336 -1 1394 -1 14 -1 1395 -1 234 -1 265 -1 163 -1 685 -1 122 -1 382 -1 40 -1 1396 -1 14 -1 3 -1 30 -1 988 -1 905 -1 730 -1 74 -1 20 -1 124 -1 8 -1 1397 -1 18 -1 40 -1 1398 -1 1399 -1 265 -1 50 -1 3 -1 1400 -1 1401 -1 14 -1 355 -1 29 -1 8 -1 1402 -1 730 -1 18 -1 29 -1 1396 -1 124 -1 1376 -1 71 -1 209 -1 988 -1 905 -1 730 -1 29 -1 1403 -1 3 -1 30 -1 -2
103 -1 265 -1 50 -1 4326 -1 92 -1 211 -1 122 -1 905 -1 18 -1 4525 -1 71 -1 40 -1 4307 -1 96 -1 436 -1 2920 -1 29 -1 17 -1 206 -1 52 -1 243 -1 71 -1 1181 -1 900 -1 8 -1 126 -1 2913 -1 759 -1 1944 -1 8 -1 126 -1 348 -1 125 -1 377 -1 3920 -1 224 -1 225 -1 50 -1 903 -1 71 -1 8 -1 3307 -1 18 -1 122 -1 2376 -1 96 -1 17 -1 1741 -1 40 -1 89 -1 4775 -1 -2
36 -1 5614 -1 14 -1 5615 -1 214 -1 20 -1 30 -1 1485 -1 1178 -1 21 -1 54 -1 3118 -1 18 -1 8 -1 16 -1 5616 -1 2377 -1 17 -1 40 -1 3935 -1 566 -1 18 -1 8 -1 1013 -1 18 -1 54 -1 24 -1 468 -1 758 -1 3079 -1 14 -1 1526 -1 18 -1 64 -1 178 -1 1674 -1 1580 -1 3 -1 8 -1 188 -1 18 -1 40 -1 193 -1 17 -1 40 -1 1272 -1 566 -1 18 -1 8 -1 1013 -1 18 -1 54 -1 24 -1 468 -1 758 -1 8 -1 2376 -1 18 -1 29 -1 193 -1 -2
1 -1 1 -1 1 -1 388 -1 1062 -1 49 -1 206 -1 846 -1 347 -1 192 -1 357 -1 124 -1 7073 -1 -2
682 -1 75 -1 8 -1 2672 -1 96 -1 2667 -1 4011 -1 8 -1 2998 -1 18 -1 3778 -1 1103 -1 743 -1 40 -1 6918 -1 18 -1 -2
3050 -1 14 -1 2084 -1 18 -1 577 -1 3051 -1 92 -1 3052 -1 17 -1 2191 -1 -2
381 -1 8 -1 1165 -1 47 -1 265 -1 29 -1 6141 -1 6142 -1 17 -1 567 -1 71 -1 1868 -1 14 -1 2168 -1 316 -1 5320 -1 14 -1 315 -1 3 -1 8 -1 188 -1 263 -1 754 -1 6143 -1 71 -1 63 -1 347 -1 3202 -1 92 -1 6144 -1 21 -1 153 -1 -2
14 -1 632 -1 30 -1 17 -1 52 -1 29 -1 5808 -1 1871 -1 92 -1 202 -1 18 -1 5270 -1 3801 -1 39 -1 8 -1 146 -1 18 -1 26 -1 293 -1 34 -1 19 -1 8 -1 193 -1 14 -1 122 -1 1788 -1 29 -1 530 -1 2672 -1 -2
39 -1 899 -1 12 -1 212 -1 1989 -1 71 -1 759 -1 371 -1 161 -1 54 -1 272 -1 8016 -1 92 -1 1564 -1 39 -1 306 -1 272 -1 986 -1 92 -1 5741 -1 18 -1 2348 -1 981 -1 292 -1 146 -1 92 -1 292 -1 598 -1 206 -1 846 -1 1942 -1 -2
1 -1 1 -1 1 -1 907 -1 265 -1 323 -1 262 -1 4316 -1 3 -1 1262 -1 92 -1 5297 -1 8 -1 322 -1 17 -1 8 -1 126 -1 -2
1111 -1 162 -1 266 -1 8 -1 2677 -1 18 -1 3778 -1 3381 -1 299 -1 8 -1 5872 -1 18 -1 8 -1 3798 -1 18 -1 3799 -1 3006 -1 40 -1 2992 -1 3799 -1 2080 -1 6395 -1 3552 -1 142 -1 8 -1 2690 -1 14 -1 8 -1 2690 -1 3469 -1 505 -1 142 -1 307 -1 7256 -1 142 -1 8 -1 660 -1 18 -1 8 -1 870 -1 103 -1 219 -1 63 -1 52 -1 3749 -1 4105 -1 39 -1 219 -1 63 -1 3749 -1 1017 -1 29 -1 175 -1 1103 -1 52 -1 5031 -1 612 -1 318 -1 -2
581 -1 96 -1 934 -1 265 -1 8560 -1 1402 -1 989 -1 18 -1 5711 -1 14 -1 1402 -1 989 -1 18 -1 4971 -1 14 -1 29 -1 1218 -1 18 -1 209 -1 5711 -1 39 -1 8 -1 1481 -1 274 -1 290 -1 876 -1 299 -1 3271 -1 3406 -1 14 -1 1158 -1 29 -1 568 -1 26 -1 38 -1 197 -1 17 -1 114 -1 18 -1 2702 -1 5711 -1 21 -1 3848 -1 -2
14 -1 74 -1 17 -1 8 -1 2689 -1 18 -1 8469 -1 292 -1 24 -1 8467 -1 14 -1 292 -1 1933 -1 52 -1 2300 -1 39 -1 21 -1 322 -1 219 -1 147 -1 52 -1 1513 -1 -2
14 -1 21 -1 1280 -1 4644 -1 219 -1 1232 -1 124 -1 900 -1 122 -1 3378 -1 21 -1 1756 -1 71 -1 8 -1 6648 -1 1232 -1 124 -1 8 -1 1842 -1 18 -1 8 -1 443 -1 124 -1 90 -1 8 -1 1842 -1 18 -1 6059 -1 -2
1 -1 1 -1 1 -1 3310 -1 124 -1 3835 -1 18 -1 227 -1 157 -1 988 -1 1798 -1 3 -1 4150 -1 92 -1 3 -1 214 -1 4170 -1 -2
36 -1 213 -1 44 -1 334 -1 169 -1 176 -1 162 -1 183 -1 5061 -1 -2
310 -1 340 -1 4125 -1 27 -1 71 -1 4808 -1 1212 -1 4533 -1 262 -1 8 -1 16 -1 71 -1 3303 -1 8 -1 5711 -1 18 -1 318 -1 54 -1 3 -1 122 -1 154 -1 14 -1 71 -1 2720 -1 318 -1 3 -1 122 -1 357 -1 71 -1 651 -1 307 -1 161 -1 122 -1 1035 -1 534 -1 -2
1151 -1 1238 -1 1077 -1 103 -1 1239 -1 8 -1 143 -1 18 -1 604 -1 657 -1 14 -1 8 -1 1240 -1 18 -1 344 -1 1241 -1 262 -1 25 -1 22 -1 14 -1 1242 -1 1243 -1 18 -1 8 -1 1244 -1 14 -1 1245 -1 788 -1 20 -1 1246 -1 292 -1 40 -1 1247 -1 1248 -1 18 -1 8 -1 469 -1 463 -1 18 -1 8 -1 450 -1 451 -1 1249 -1 14 -1 23 -1 397 -1 18 -1 548 -1 10 -1 71 -1 32 -1 20 -1 22 -1 1250 -1 18 -1 295 -1 71 -1 762 -1 318 -1 -2
1 -1 1 -1 1 -1 581 -1 26 -1 4010 -1 2672 -1 18 -1 174 -1 3 -1 96 -1 206 -1 124 -1 4011 -1 71 -1 434 -1 1263 -1 17 -1 399 -1 26 -1 1035 -1 2672 -1 -2
