682 -1 75 -1 3786 -1 436 -1 219 -1 13 -1 318 -1 25 -1 71 -1 58 -1 836 -1 212 -1 187 -1 292 -1 11 -1 1260 -1 21 -1 1212 -1 3401 -1 2672 -1 18 -1 146 -1 759 -1 21 -1 1212 -1 1569 -1 14 -1 2588 -1 147 -1 -2
2509 -1 738 -1 632 -1 292 -1 8 -1 259 -1 96 -1 124 -1 771 -1 52 -1 306 -1 292 -1 8 -1 1873 -1 18 -1 311 -1 2510 -1 39 -1 27 -1 292 -1 227 -1 1873 -1 18 -1 2511 -1 14 -1 287 -1 -2
1 -1 1 -1 1 -1 388 -1 6304 -1 216 -1 8 -1 9379 -1 18 -1 8 -1 4152 -1 3 -1 5985 -1 18 -1 1509 -1 206 -1 29 -1 1403 -1 21 -1 3411 -1 18 -1 318 -1 14 -1 3 -1 7281 -1 -2
310 -1 632 -1 197 -1 290 -1 45 -1 184 -1 96 -1 212 -1 19 -1 31 -1 290 -1 230 -1 3 -1 347 -1 934 -1 92 -1 23 -1 941 -1 71 -1 63 -1 4040 -1 92 -1 4046 -1 -2
1 -1 1 -1 1 -1 5656 -1 17 -1 492 -1 40 -1 19 -1 1769 -1 2248 -1 92 -1 2248 -1 52 -1 26 -1 14 -1 5657 -1 122 -1 3188 -1 292 -1 8 -1 1861 -1 29 -1 5658 -1 3 -1 30 -1 71 -1 307 -1 71 -1 138 -1 265 -1 1769 -1 30 -1 -2
36 -1 37 -1 8 -1 1043 -1 18 -1 114 -1 17 -1 52 -1 40 -1 2180 -1 39 -1 2123 -1 14 -1 8 -1 2123 -1 18 -1 40 -1 89 -1 114 -1 2469 -1 17 -1 712 -1 908 -1 3 -1 8 -1 4054 -1 18 -1 40 -1 645 -1 8 -1 6212 -1 1649 -1 17 -1 212 -1 47 -1 18 -1 8 -1 114 -1 -2
388 -1 537 -1 617 -1 18 -1 26 -1 7978 -1 1532 -1 21 -1 8 -1 6959 -1 18 -1 3818 -1 75 -1 71 -1 314 -1 8 -1 707 -1 71 -1 138 -1 219 -1 818 -1 74 -1 186 -1 -2
310 -1 20 -1 8 -1 1481 -1 587 -1 21 -1 2217 -1 17 -1 90 -1 8 -1 147 -1 25 -1 8 -1 1481 -1 868 -1 21 -1 2294 -1 18 -1 8 -1 558 -1 18 -1 657 -1 14 -1 1132 -1 17 -1 90 -1 8 -1 932 -1 92 -1 2295 -1 14 -1 2296 -1 1696 -1 18 -1 307 -1 29 -1 2297 -1 -2
103 -1 71 -1 8 -1 174 -1 18 -1 145 -1 5773 -1 40 -1 1272 -1 14 -1 750 -1 6674 -1 74 -1 20 -1 50 -1 216 -1 908 -1 8 -1 3328 -1 18 -1 857 -1 96 -1 21 -1 8 -1 145 -1 18 -1 206 -1 17 -1 39 -1 18 -1 224 -1 306 -1 356 -1 14 -1 29 -1 17 -1 5817 -1 92 -1 6674 -1 3 -1 8 -1 660 -1 18 -1 19 -1 -2
229 -1 29 -1 186 -1 75 -1 369 -1 21 -1 8 -1 2992 -1 20 -1 50 -1 290 -1 6097 -1 3 -1 26 -1 126 -1 2557 -1 18 -1 8002 -1 103 -1 234 -1 8 -1 3832 -1 290 -1 265 -1 8 -1 2945 -1 3832 -1 92 -1 347 -1 23 -1 810 -1 122 -1 3843 -1 419 -1 292 -1 11 -1 617 -1 8 -1 2992 -1 487 -1 52 -1 216 -1 30 -1 292 -1 307 -1 103 -1 265 -1 487 -1 125 -1 470 -1 1165 -1 71 -1 3508 -1 6940 -1 -2
14 -1 436 -1 219 -1 744 -1 20 -1 941 -1 18 -1 2943 -1 124 -1 2521 -1 27 -1 90 -1 1214 -1 -2
315 -1 21 -1 8 -1 3648 -1 18 -1 8 -1 3649 -1 96 -1 75 -1 90 -1 3650 -1 92 -1 3 -1 3651 -1 21 -1 8 -1 729 -1 18 -1 8 -1 403 -1 21 -1 967 -1 934 -1 90 -1 3652 -1 -2
388 -1 4530 -1 266 -1 219 -1 863 -1 8 -1 3523 -1 858 -1 220 -1 219 -1 863 -1 8 -1 11 -1 29 -1 1024 -1 318 -1 586 -1 18 -1 3779 -1 14 -1 80 -1 30 -1 75 -1 3786 -1 436 -1 219 -1 754 -1 8 -1 3523 -1 245 -1 75 -1 29 -1 11 -1 92 -1 810 -1 1210 -1 21 -1 122 -1 9029 -1 -2
36 -1 1673 -1 206 -1 266 -1 219 -1 63 -1 92 -1 220 -1 219 -1 63 -1 1204 -1 1019 -1 71 -1 3309 -1 227 -1 2490 -1 2482 -1 14 -1 5837 -1 318 -1 4575 -1 71 -1 227 -1 914 -1 1206 -1 50 -1 5514 -1 103 -1 145 -1 64 -1 219 -1 1338 -1 316 -1 92 -1 2227 -1 8 -1 5054 -1 187 -1 -2
1363 -1 75 -1 811 -1 71 -1 8 -1 3826 -1 80 -1 37 -1 197 -1 17 -1 21 -1 8 -1 1270 -1 212 -1 1788 -1 71 -1 347 -1 19 -1 71 -1 8138 -1 307 -1 266 -1 122 -1 5109 -1 124 -1 1165 -1 71 -1 209 -1 18 -1 122 -1 1792 -1 188 -1 -2
948 -1 219 -1 1103 -1 117 -1 1802 -1 648 -1 4580 -1 292 -1 227 -1 1517 -1 1321 -1 14 -1 2989 -1 29 -1 604 -1 21 -1 2110 -1 1210 -1 1913 -1 1214 -1 -2
229 -1 181 -1 18 -1 318 -1 2983 -1 381 -1 224 -1 1285 -1 8917 -1 18 -1 318 -1 2610 -1 -2
1 -1 1 -1 1 -1 4718 -1 3 -1 8 -1 357 -1 18 -1 3848 -1 18 -1 3388 -1 3 -1 415 -1 2167 -1 14 -1 18 -1 8787 -1 8 -1 3820 -1 17 -1 6348 -1 -2
39 -1 74 -1 20 -1 266 -1 175 -1 1401 -1 318 -1 299 -1 29 -1 96 -1 175 -1 63 -1 685 -1 4502 -1 8839 -1 4972 -1 586 -1 18 -1 8 -1 4571 -1 18 -1 6271 -1 497 -1 71 -1 1017 -1 199 -1 591 -1 567 -1 71 -1 40 -1 469 -1 5809 -1 101 -1 8 -1 934 -1 18 -1 6271 -1 -2
4454 -1 37 -1 21 -1 26 -1 604 -1 11 -1 2352 -1 75 -1 227 -1 1022 -1 14 -1 2667 -1 2683 -1 14 -1 8 -1 656 -1 2945 -1 3612 -1 160 -1 1212 -1 4162 -1 30 -1 17 -1 1018 -1 29 -1 8 -1 905 -1 18 -1 7281 -1 14 -1 6763 -1 75 -1 1604 -1 3 -1 8 -1 152 -1 186 -1 -2
1 -1 1 -1 1 -1 3106 -1 8 -1 5591 -1 632 -1 18 -1 40 -1 193 -1 175 -1 147 -1 1525 -1 21 -1 8 -1 162 -1 414 -1 209 -1 29 -1 859 -1 292 -1 33 -1 6291 -1 2874 -1 14 -1 166 -1 8 -1 2663 -1 18 -1 40 -1 102 -1 73 -1 96 -1 1191 -1 292 -1 40 -1 6292 -1 5293 -1 -2
5062 -1 263 -1 63 -1 395 -1 7523 -1 199 -1 645 -1 63 -1 395 -1 25 -1 89 -1 40 -1 1529 -1 18 -1 8 -1 2353 -1 25 -1 2160 -1 29 -1 335 -1 1163 -1 754 -1 18 -1 2771 -1 759 -1 3848 -1 759 -1 22 -1 23 -1 3987 -1 242 -1 8638 -1 -2
1 -1 1 -1 1 -1 4709 -1 2522 -1 5950 -1 103 -1 40 -1 1822 -1 1135 -1 685 -1 197 -1 75 -1 40 -1 2672 -1 29 -1 5058 -1 30 -1 17 -1 52 -1 114 -1 39 -1 33 -1 831 -1 18 -1 4369 -1 -2
36 -1 234 -1 197 -1 290 -1 40 -1 905 -1 21 -1 347 -1 468 -1 71 -1 4596 -1 318 -1 197 -1 17 -1 40 -1 905 -1 27 -1 71 -1 4615 -1 318 -1 14 -1 1158 -1 71 -1 4615 -1 227 -1 5792 -1 -2
3005 -1 1769 -1 8 -1 2690 -1 18 -1 7434 -1 2978 -1 52 -1 142 -1 8 -1 934 -1 18 -1 8 -1 2659 -1 29 -1 2670 -1 71 -1 542 -1 -2
3957 -1 30 -1 50 -1 290 -1 695 -1 64 -1 641 -1 18 -1 38 -1 197 -1 235 -1 290 -1 492 -1 197 -1 160 -1 212 -1 930 -1 186 -1 71 -1 270 -1 3 -1 8 -1 641 -1 18 -1 38 -1 96 -1 206 -1 29 -1 63 -1 694 -1 2775 -1 900 -1 40 -1 3958 -1 2913 -1 537 -1 71 -1 3959 -1 262 -1 40 -1 152 -1 153 -1 -2
1066 -1 8 -1 162 -1 2612 -1 124 -1 3386 -1 5631 -1 14 -1 5632 -1 18 -1 8 -1 1035 -1 124 -1 8 -1 5632 -1 976 -1 14 -1 8 -1 110 -1 2996 -1 103 -1 2504 -1 18 -1 462 -1 1913 -1 92 -1 1673 -1 4720 -1 -2
1 -1 1 -1 1 -1 7186 -1 284 -1 988 -1 1471 -1 18 -1 8 -1 1378 -1 18 -1 11 -1 20 -1 30 -1 17 -1 712 -1 21 -1 1270 -1 30 -1 17 -1 1018 -1 21 -1 26 -1 977 -1 391 -1 492 -1 30 -1 17 -1 712 -1 103 -1 8 -1 357 -1 18 -1 192 -1 861 -1 29 -1 8 -1 72 -1 1270 -1 17 -1 8 -1 1378 -1 18 -1 11 -1 -2
36 -1 2355 -1 17 -1 8 -1 4132 -1 18 -1 11 -1 2588 -1 292 -1 899 -1 71 -1 899 -1 292 -1 8 -1 899 -1 18 -1 8 -1 6873 -1 71 -1 8 -1 899 -1 18 -1 8 -1 7774 -1 -2
14 -1 26 -1 2412 -1 75 -1 754 -1 71 -1 1191 -1 292 -1 8 -1 996 -1 2636 -1 3 -1 8 -1 2623 -1 -2
11 -1 50 -1 1788 -1 40 -1 19 -1 3 -1 40 -1 2695 -1 543 -1 71 -1 413 -1 145 -1 71 -1 23 -1 206 -1 -2
310 -1 80 -1 21 -1 26 -1 1008 -1 1009 -1 18 -1 8 -1 393 -1 40 -1 19 -1 50 -1 1010 -1 1011 -1 8 -1 543 -1 18 -1 30 -1 14 -1 8 -1 371 -1 18 -1 224 -1 754 -1 272 -1 225 -1 -2
1 -1 1 -1 1 -1 2103 -1 18 -1 210 -1 103 -1 1261 -1 782 -1 -2
1198 -1 71 -1 2950 -1 71 -1 71 -1 4217 -1 3 -1 71 -1 2952 -1 71 -1 290 -1 4839 -1 14 -1 8962 -1 21 -1 3190 -1 21 -1 785 -1 54 -1 934 -1 14 -1 312 -1 29 -1 8963 -1 270 -1 71 -1 1879 -1 92 -1 278 -1 71 -1 1338 -1 17 -1 2728 -1 579 -1 209 -1 934 -1 14 -1 312 -1 290 -1 8383 -1 92 -1 1571 -1 -2
388 -1 2672 -1 18 -1 174 -1 14 -1 8 -1 152 -1 2672 -1 2820 -1 409 -1 23 -1 14 -1 124 -1 18 -1 1376 -1 1373 -1 -2
1198 -1 8 -1 3814 -1 14 -1 227 -1 5193 -1 124 -1 71 -1 994 -1 39 -1 8 -1 437 -1 1325 -1 18 -1 6745 -1 96 -1 2590 -1 219 -1 63 -1 212 -1 187 -1 71 -1 2990 -1 4860 -1 14 -1 234 -1 219 -1 744 -1 52 -1 219 -1 63 -1 212 -1 187 -1 71 -1 4548 -1 -2
103 -1 340 -1 2352 -1 20 -1 2992 -1 18 -1 8 -1 2658 -1 4011 -1 122 -1 5072 -1 71 -1 216 -1 8 -1 5073 -1 14 -1 5074 -1 5075 -1 71 -1 4573 -1 307 -1 262 -1 5076 -1 198 -1 5077 -1 262 -1 8 -1 5078 -1 612 -1 2227 -1 542 -1 14 -1 542 -1 274 -1 355 -1 40 -1 4992 -1 5073 -1 5079 -1 14 -1 4705 -1 5075 -1 299 -1 4705 -1 5080 -1 318 -1 14 -1 1561 -1 318 -1 71 -1 1017 -1 -2
1151 -1 19 -1 231 -1 20 -1 637 -1 53 -1 29 -1 224 -1 19 -1 530 -1 181 -1 40 -1 1409 -1 2812 -1 14 -1 40 -1 2493 -1 14 -1 225 -1 530 -1 227 -1 3731 -1 -2
14 -1 632 -1 5416 -1 758 -1 2818 -1 612 -1 138 -1 197 -1 17 -1 212 -1 2894 -1 186 -1 5421 -1 71 -1 743 -1 318 -1 54 -1 21 -1 3411 -1 124 -1 52 -1 306 -1 1792 -1 39 -1 27 -1 1238 -1 103 -1 8 -1 604 -1 219 -1 1481 -1 -2
1 -1 1 -1 1 -1 310 -1 26 -1 3416 -1 18 -1 861 -1 836 -1 395 -1 1050 -1 3 -1 22 -1 45 -1 18 -1 209 -1 29 -1 63 -1 1050 -1 30 -1 63 -1 395 -1 2678 -1 275 -1 71 -1 920 -1 3417 -1 14 -1 2280 -1 30 -1 262 -1 145 -1 14 -1 71 -1 1273 -1 71 -1 30 -1 18 -1 227 -1 319 -1 1077 -1 347 -1 868 -1 18 -1 8 -1 1062 -1 18 -1 1132 -1 1109 -1 3 -1 96 -1 219 -1 754 -1 219 -1 1103 -1 1142 -1 290 -1 1205 -1 71 -1 341 -1 922 -1 14 -1 32 -1 142 -1 58 -1 8 -1 860 -1 537 -1 18 -1 227 -1 2887 -1 -2
39 -1 219 -1 124 -1 8 -1 1526 -1 18 -1 1527 -1 29 -1 1013 -1 318 -1 3 -1 8 -1 187 -1 18 -1 33 -1 515 -1 40 -1 1528 -1 92 -1 40 -1 4 -1 92 -1 347 -1 23 -1 1529 -1 600 -1 234 -1 39 -1 40 -1 19 -1 -2
1198 -1 1468 -1 8 -1 8172 -1 92 -1 935 -1 18 -1 8 -1 1270 -1 2672 -1 4395 -1 71 -1 8 -1 152 -1 188 -1 -2
29 -1 8 -1 5115 -1 18 -1 54 -1 3079 -1 602 -1 290 -1 2490 -1 -2
7378 -1 1769 -1 11 -1 175 -1 63 -1 13 -1 4105 -1 40 -1 3516 -1 71 -1 7091 -1 14 -1 2683 -1 4625 -1 4940 -1 274 -1 290 -1 4625 -1 1143 -1 -2
310 -1 21 -1 26 -1 27 -1 51 -1 343 -1 63 -1 4988 -1 71 -1 3508 -1 4489 -1 71 -1 138 -1 21 -1 54 -1 7564 -1 503 -1 51 -1 63 -1 6459 -1 293 -1 1673 -1 2479 -1 -2
1 -1 1 -1 1 -1 172 -1 26 -1 3002 -1 175 -1 9304 -1 27 -1 54 -1 209 -1 304 -1 29 -1 1324 -1 318 -1 71 -1 743 -1 8 -1 2671 -1 18 -1 26 -1 3540 -1 107 -1 568 -1 30 -1 17 -1 1275 -1 -2
36 -1 20 -1 175 -1 63 -1 6097 -1 685 -1 4766 -1 124 -1 2991 -1 3855 -1 21 -1 1285 -1 3 -1 227 -1 541 -1 14 -1 632 -1 3283 -1 58 -1 3 -1 227 -1 7227 -1 71 -1 256 -1 8 -1 357 -1 18 -1 1025 -1 -2
310 -1 97 -1 21 -1 8 -1 9489 -1 18 -1 5179 -1 197 -1 31 -1 290 -1 212 -1 401 -1 332 -1 9490 -1 103 -1 1965 -1 18 -1 26 -1 174 -1 71 -1 290 -1 1180 -1 900 -1 20 -1 836 -1 33 -1 6663 -1 525 -1 292 -1 8 -1 9491 -1 18 -1 33 -1 688 -1 2913 -1 14 -1 37 -1 39 -1 8 -1 228 -1 18 -1 318 -1 29 -1 4616 -1 40 -1 746 -1 80 -1 175 -1 602 -1 220 -1 30 -1 147 -1 290 -1 4191 -1 161 -1 26 -1 604 -1 245 -1 3 -1 8 -1 1913 -1 824 -1 18 -1 357 -1 92 -1 3 -1 347 -1 29 -1 1107 -1 8 -1 2524 -1 18 -1 1913 -1 1263 -1 -2
310 -1 632 -1 600 -1 31 -1 292 -1 26 -1 1503 -1 3 -1 402 -1 1280 -1 290 -1 5712 -1 918 -1 71 -1 290 -1 2921 -1 103 -1 558 -1 -2
1454 -1 632 -1 8 -1 4376 -1 18 -1 3979 -1 17 -1 33 -1 669 -1 18 -1 193 -1 96 -1 31 -1 125 -1 470 -1 39 -1 3 -1 8 -1 707 -1 29 -1 5493 -1 30 -1 30 -1 17 -1 8 -1 831 -1 306 -1 18 -1 8 -1 188 -1 14 -1 441 -1 21 -1 8 -1 145 -1 96 -1 1218 -1 31 -1 32 -1 29 -1 63 -1 52 -1 8 -1 188 -1 186 -1 -2
310 -1 234 -1 30 -1 290 -1 81 -1 2707 -1 64 -1 234 -1 51 -1 290 -1 4011 -1 3 -1 293 -1 1792 -1 3003 -1 71 -1 53 -1 299 -1 293 -1 450 -1 51 -1 846 -1 52 -1 343 -1 51 -1 2952 -1 74 -1 1788 -1 -2
1 -1 1 -1 1 -1 781 -1 8 -1 1783 -1 2784 -1 265 -1 8412 -1 8 -1 1032 -1 579 -1 8 -1 3826 -1 290 -1 7490 -1 -2
80 -1 8 -1 357 -1 17 -1 242 -1 14 -1 12 -1 395 -1 40 -1 614 -1 604 -1 1835 -1 1446 -1 562 -1 29 -1 117 -1 19 -1 12 -1 4916 -1 18 -1 38 -1 3 -1 174 -1 8712 -1 20 -1 122 -1 108 -1 17 -1 4628 -1 -2
1389 -1 96 -1 30 -1 17 -1 1018 -1 29 -1 33 -1 868 -1 2119 -1 2996 -1 71 -1 290 -1 885 -1 602 -1 290 -1 3355 -1 759 -1 8 -1 188 -1 3174 -1 29 -1 4640 -1 318 -1 4286 -1 -2
310 -1 617 -1 265 -1 8321 -1 7796 -1 25 -1 12 -1 8 -1 2690 -1 2996 -1 29 -1 219 -1 96 -1 6836 -1 8 -1 4018 -1 1103 -1 1181 -1 18 -1 8 -1 4018 -1 -2
103 -1 37 -1 174 -1 12 -1 1353 -1 635 -1 636 -1 45 -1 299 -1 1354 -1 45 -1 299 -1 1355 -1 14 -1 45 -1 299 -1 1356 -1 71 -1 1352 -1 33 -1 780 -1 30 -1 17 -1 39 -1 33 -1 915 -1 18 -1 548 -1 71 -1 1352 -1 307 -1 299 -1 8 -1 450 -1 553 -1 30 -1 290 -1 224 -1 138 -1 51 -1 124 -1 1357 -1 71 -1 341 -1 14 -1 617 -1 30 -1 17 -1 52 -1 71 -1 1352 -1 39 -1 71 -1 1358 -1 14 -1 1359 -1 -2
1518 -1 17 -1 30 -1 1063 -1 316 -1 1231 -1 103 -1 347 -1 19 -1 71 -1 1113 -1 245 -1 1519 -1 215 -1 92 -1 553 -1 122 -1 143 -1 290 -1 1520 -1 3 -1 1521 -1 92 -1 1522 -1 285 -1 18 -1 397 -1 1519 -1 1523 -1 -2
852 -1 19 -1 17 -1 617 -1 84 -1 2021 -1 266 -1 265 -1 17 -1 84 -1 161 -1 3244 -1 103 -1 617 -1 30 -1 17 -1 29 -1 265 -1 4614 -1 71 -1 218 -1 122 -1 202 -1 14 -1 4615 -1 8 -1 312 -1 18 -1 318 -1 29 -1 341 -1 8 -1 193 -1 -2
310 -1 8 -1 1064 -1 18 -1 30 -1 27 -1 290 -1 8 -1 126 -1 -2
759 -1 6671 -1 759 -1 219 -1 29 -1 846 -1 52 -1 29 -1 11 -1 592 -1 347 -1 1001 -1 18 -1 8 -1 312 -1 18 -1 344 -1 436 -1 219 -1 1969 -1 212 -1 1378 -1 103 -1 122 -1 759 -1 63 -1 269 -1 18 -1 122 -1 4970 -1 92 -1 270 -1 18 -1 122 -1 6082 -1 -2
14 -1 8 -1 1125 -1 1041 -1 292 -1 26 -1 29 -1 161 -1 162 -1 665 -1 30 -1 17 -1 52 -1 1018 -1 1232 -1 17 -1 71 -1 4622 -1 8 -1 4865 -1 759 -1 22 -1 696 -1 1232 -1 30 -1 17 -1 138 -1 265 -1 12 -1 2996 -1 -2
36 -1 1421 -1 14 -1 877 -1 124 -1 1447 -1 18 -1 548 -1 52 -1 18 -1 24 -1 -2
1 -1 1 -1 1 -1 781 -1 8 -1 9463 -1 4502 -1 175 -1 63 -1 505 -1 29 -1 30 -1 17 -1 52 -1 3824 -1 21 -1 64 -1 641 -1 11 -1 2688 -1 1140 -1 71 -1 2667 -1 -2
96 -1 97 -1 30 -1 290 -1 345 -1 71 -1 125 -1 346 -1 101 -1 71 -1 232 -1 347 -1 348 -1 92 -1 349 -1 80 -1 266 -1 175 -1 274 -1 63 -1 163 -1 350 -1 351 -1 319 -1 204 -1 352 -1 14 -1 353 -1 8 -1 236 -1 354 -1 225 -1 147 -1 290 -1 306 -1 71 -1 176 -1 234 -1 265 -1 27 -1 355 -1 52 -1 8 -1 126 -1 21 -1 263 -1 -2
1016 -1 436 -1 219 -1 1896 -1 381 -1 8 -1 1165 -1 29 -1 54 -1 8243 -1 651 -1 3843 -1 266 -1 219 -1 63 -1 30 -1 292 -1 227 -1 152 -1 4766 -1 175 -1 147 -1 52 -1 4002 -1 8 -1 8508 -1 18 -1 318 -1 -2
502 -1 29 -1 197 -1 17 -1 470 -1 1381 -1 18 -1 8 -1 7364 -1 18 -1 40 -1 1378 -1 39 -1 18 -1 8 -1 7364 -1 18 -1 11 -1 8 -1 4533 -1 632 -1 90 -1 8 -1 7352 -1 436 -1 122 -1 7364 -1 75 -1 8 -1 4082 -1 18 -1 8 -1 2015 -1 21 -1 276 -1 641 -1 20 -1 8 -1 3689 -1 3690 -1 17 -1 90 -1 8 -1 5572 -1 -2
1 -1 1 -1 1 -1 6269 -1 632 -1 197 -1 17 -1 470 -1 1135 -1 92 -1 885 -1 3 -1 1025 -1 29 -1 4204 -1 71 -1 8 -1 4033 -1 18 -1 8 -1 152 -1 905 -1 18 -1 8 -1 2658 -1 92 -1 18 -1 813 -1 -2
2637 -1 197 -1 2638 -1 40 -1 2418 -1 18 -1 2412 -1 21 -1 225 -1 2639 -1 2621 -1 96 -1 2640 -1 306 -1 8 -1 1164 -1 2641 -1 14 -1 504 -1 22 -1 18 -1 318 -1 71 -1 2642 -1 58 -1 -2
8 -1 3814 -1 160 -1 306 -1 5333 -1 18 -1 8 -1 4620 -1 71 -1 390 -1 318 -1 164 -1 103 -1 74 -1 4913 -1 14 -1 71 -1 2630 -1 318 -1 4905 -1 14 -1 71 -1 211 -1 318 -1 8 -1 8259 -1 96 -1 242 -1 17 -1 90 -1 7300 -1 -2
4454 -1 37 -1 6870 -1 75 -1 8 -1 2945 -1 3832 -1 14 -1 8 -1 2945 -1 3832 -1 75 -1 227 -1 152 -1 188 -1 30 -1 17 -1 1018 -1 29 -1 8 -1 2349 -1 160 -1 335 -1 13 -1 145 -1 39 -1 3 -1 8 -1 188 -1 152 -1 186 -1 -2
340 -1 1769 -1 27 -1 2691 -1 274 -1 219 -1 846 -1 21 -1 307 -1 18 -1 138 -1 219 -1 63 -1 52 -1 527 -1 -2
25 -1 27 -1 17 -1 30 -1 71 -1 1181 -1 6153 -1 6154 -1 92 -1 125 -1 347 -1 6155 -1 831 -1 600 -1 -2
1 -1 1 -1 1 -1 717 -1 17 -1 212 -1 3352 -1 2280 -1 18 -1 2913 -1 492 -1 8 -1 4919 -1 18 -1 8 -1 962 -1 17 -1 52 -1 21 -1 8 -1 410 -1 188 -1 -2
379 -1 266 -1 175 -1 63 -1 6097 -1 586 -1 18 -1 1270 -1 175 -1 147 -1 81 -1 218 -1 266 -1 14 -1 21 -1 64 -1 391 -1 45 -1 23 -1 3987 -1 50 -1 290 -1 27 -1 90 -1 402 -1 -2
14 -1 265 -1 29 -1 9036 -1 33 -1 501 -1 18 -1 347 -1 18 -1 318 -1 530 -1 52 -1 33 -1 501 -1 18 -1 11 -1 39 -1 18 -1 122 -1 319 -1 7082 -1 96 -1 17 -1 935 -1 18 -1 33 -1 4527 -1 -2
20 -1 234 -1 2560 -1 14 -1 2816 -1 810 -1 40 -1 278 -1 92 -1 487 -1 458 -1 8 -1 414 -1 219 -1 235 -1 290 -1 161 -1 20 -1 19 -1 267 -1 92 -1 2059 -1 398 -1 20 -1 19 -1 267 -1 52 -1 92 -1 29 -1 40 -1 4254 -1 18 -1 1499 -1 160 -1 645 -1 4415 -1 21 -1 8 -1 1500 -1 101 -1 2628 -1 262 -1 8 -1 9230 -1 -2
103 -1 219 -1 50 -1 20 -1 637 -1 2768 -1 40 -1 7274 -1 7250 -1 20 -1 30 -1 17 -1 21 -1 5061 -1 -2
1 -1 1 -1 1 -1 196 -1 8 -1 312 -1 18 -1 2538 -1 2728 -1 30 -1 17 -1 40 -1 84 -1 1285 -1 1052 -1 18 -1 146 -1 29 -1 219 -1 290 -1 941 -1 18 -1 8 -1 2757 -1 71 -1 1214 -1 11 -1 74 -1 20 -1 124 -1 162 -1 3578 -1 -2
388 -1 126 -1 27 -1 436 -1 478 -1 124 -1 567 -1 71 -1 563 -1 29 -1 17 -1 71 -1 53 -1 71 -1 1568 -1 18 -1 374 -1 71 -1 8 -1 391 -1 18 -1 635 -1 636 -1 17 -1 90 -1 1585 -1 29 -1 17 -1 71 -1 53 -1 567 -1 71 -1 7073 -1 1550 -1 -2
1215 -1 436 -1 600 -1 20 -1 175 -1 505 -1 685 -1 51 -1 704 -1 592 -1 395 -1 695 -1 162 -1 3 -1 391 -1 245 -1 54 -1 161 -1 596 -1 92 -1 3 -1 158 -1 40 -1 19 -1 31 -1 63 -1 212 -1 754 -1 1216 -1 467 -1 52 -1 567 -1 71 -1 391 -1 -2
388 -1 934 -1 124 -1 1111 -1 351 -1 2580 -1 2368 -1 1017 -1 25 -1 4808 -1 175 -1 542 -1 -2
1 -1 1 -1 1 -1 36 -1 52 -1 117 -1 270 -1 6076 -1 8 -1 484 -1 30 -1 386 -1 39 -1 8 -1 270 -1 306 -1 18 -1 6077 -1 1520 -1 96 -1 51 -1 390 -1 6078 -1 270 -1 14 -1 292 -1 96 -1 40 -1 19 -1 602 -1 479 -1 183 -1 71 -1 290 -1 3789 -1 39 -1 3 -1 8 -1 484 -1 -2
948 -1 6837 -1 75 -1 29 -1 1025 -1 75 -1 1022 -1 25 -1 29 -1 54 -1 3813 -1 2227 -1 8 -1 186 -1 18 -1 8 -1 2992 -1 2756 -1 21 -1 1280 -1 71 -1 284 -1 934 -1 17 -1 3 -1 5061 -1 -2
36 -1 122 -1 4940 -1 8813 -1 292 -1 8 -1 484 -1 18 -1 122 -1 6119 -1 92 -1 18 -1 307 -1 104 -1 294 -1 265 -1 9017 -1 89 -1 7785 -1 30 -1 71 -1 290 -1 1792 -1 21 -1 435 -1 -2
388 -1 23 -1 63 -1 1135 -1 30 -1 3 -1 3508 -1 1564 -1 14 -1 2389 -1 -2
388 -1 1088 -1 1381 -1 578 -1 8 -1 145 -1 18 -1 29 -1 870 -1 75 -1 185 -1 80 -1 75 -1 227 -1 4620 -1 3804 -1 2322 -1 14 -1 8 -1 3851 -1 5452 -1 318 -1 103 -1 30 -1 21 -1 284 -1 934 -1 907 -1 5445 -1 14 -1 8 -1 23 -1 5453 -1 31 -1 3454 -1 347 -1 19 -1 18 -1 347 -1 493 -1 197 -1 290 -1 5454 -1 14 -1 4809 -1 334 -1 318 -1 3454 -1 224 -1 225 -1 -2
96 -1 30 -1 50 -1 290 -1 265 -1 4284 -1 71 -1 290 -1 877 -1 508 -1 39 -1 6874 -1 30 -1 20 -1 40 -1 493 -1 5823 -1 71 -1 14 -1 9203 -1 18 -1 227 -1 861 -1 14 -1 2549 -1 8 -1 7344 -1 18 -1 9204 -1 -2
1 -1 1 -1 1 -1 229 -1 234 -1 8 -1 4488 -1 290 -1 33 -1 4620 -1 600 -1 29 -1 4620 -1 274 -1 4552 -1 52 -1 5290 -1 3 -1 227 -1 1231 -1 92 -1 8 -1 145 -1 17 -1 8 -1 831 -1 18 -1 8 -1 4620 -1 92 -1 73 -1 159 -1 14 -1 8 -1 831 -1 18 -1 117 -1 224 -1 3 -1 104 -1 5292 -1 8 -1 4552 -1 75 -1 13 -1 39 -1 52 -1 8 -1 831 -1 18 -1 347 -1 19 -1 29 -1 214 -1 410 -1 4639 -1 71 -1 8 -1 1165 -1 759 -1 18 -1 347 -1 19 -1 3206 -1 553 -1 265 -1 4639 -1 30 -1 3 -1 5293 -1 -2
1 -1 1 -1 1 -1 1 -1 1 -1 1 -1 1 -1 1 -1 1 -1 1 -1 1 -1 1 -1 1 -1 1 -1 1 -1 1 -1 1 -1 1 -1 1 -1 1 -1 1 -1 1 -1 1 -1 1 -1 1 -1 1 -1 1 -1 1 -1 1 -1 1 -1 365 -1 5772 -1 1 -1 1 -1 1 -1 1 -1 1 -1 1 -1 1 -1 1 -1 1 -1 1 -1 1 -1 1 -1 1 -1 1 -1 1 -1 1 -1 1 -1 1 -1 1 -1 1 -1 1 -1 1 -1 1 -1 1 -1 1 -1 1 -1 1 -1 1 -1 1 -1 363 -1 2873 -1 3991 -1 1 -1 1 -1 1 -1 961 -1 152 -1 145 -1 175 -1 535 -1 8 -1 145 -1 29 -1 206 -1 124 -1 632 -1 3442 -1 71 -1 764 -1 436 -1 219 -1 124 -1 130 -1 52 -1 18 -1 26 -1 92 -1 29 -1 193 -1 21 -1 129 -1 39 -1 18 -1 40 -1 193 -1 -2
1 -1 1 -1 1 -1 388 -1 306 -1 543 -1 71 -1 4616 -1 74 -1 40 -1 930 -1 186 -1 20 -1 50 -1 290 -1 1205 -1 71 -1 2901 -1 318 -1 292 -1 8 -1 3901 -1 18 -1 4617 -1 14 -1 8 -1 3949 -1 18 -1 224 -1 225 -1 14 -1 275 -1 71 -1 3309 -1 318 -1 21 -1 74 -1 2612 -1 20 -1 29 -1 3 -1 227 -1 319 -1 1187 -1 14 -1 3 -1 8 -1 4618 -1 18 -1 8 -1 1244 -1 219 -1 50 -1 920 -1 58 -1 14 -1 1181 -1 4619 -1 17 -1 71 -1 2924 -1 54 -1 227 -1 186 -1 14 -1 100 -1 272 -1 224 -1 19 -1 92 -1 272 -1 224 -1 4620 -1 18 -1 206 -1 29 -1 50 -1 1762 -1 54 -1 227 -1 1335 -1 3 -1 4621 -1 18 -1 675 -1 142 -1 224 -1 147 -1 -2
310 -1 8 -1 2728 -1 18 -1 284 -1 299 -1 2538 -1 1214 -1 17 -1 29 -1 96 -1 17 -1 21 -1 8 -1 1270 -1 90 -1 3786 -1 14 -1 1303 -1 2227 -1 11 -1 -2
781 -1 276 -1 641 -1 266 -1 197 -1 160 -1 5336 -1 2368 -1 292 -1 3110 -1 71 -1 3887 -1 5337 -1 14 -1 5338 -1 5339 -1 97 -1 8 -1 2913 -1 18 -1 318 -1 1381 -1 160 -1 4242 -1 71 -1 4555 -1 21 -1 5340 -1 80 -1 858 -1 209 -1 4555 -1 335 -1 2912 -1 8 -1 2913 -1 900 -1 318 -1 71 -1 347 -1 4620 -1 197 -1 39 -1 858 -1 71 -1 409 -1 5341 -1 4808 -1 224 -1 4918 -1 -2
229 -1 8 -1 6892 -1 18 -1 6997 -1 17 -1 52 -1 715 -1 40 -1 1254 -1 18 -1 122 -1 1141 -1 103 -1 29 -1 17 -1 5051 -1 21 -1 284 -1 339 -1 934 -1 6998 -1 3781 -1 14 -1 6999 -1 274 -1 290 -1 4672 -1 39 -1 40 -1 1909 -1 92 -1 1565 -1 18 -1 122 -1 7000 -1 14 -1 2802 -1 3508 -1 5107 -1 25 -1 29 -1 197 -1 17 -1 1953 -1 5741 -1 265 -1 1103 -1 290 -1 8 -1 1267 -1 37 -1 265 -1 17 -1 8 -1 567 -1 18 -1 30 -1 -2
1518 -1 17 -1 265 -1 1357 -1 436 -1 265 -1 17 -1 3164 -1 29 -1 17 -1 71 -1 53 -1 5009 -1 14 -1 712 -1 92 -1 1320 -1 71 -1 3640 -1 39 -1 436 -1 265 -1 752 -1 21 -1 14 -1 5010 -1 71 -1 8 -1 3300 -1 759 -1 17 -1 8 -1 3300 -1 1357 -1 3 -1 33 -1 4893 -1 5011 -1 263 -1 316 -1 2015 -1 18 -1 38 -1 71 -1 5012 -1 307 -1 103 -1 26 -1 122 -1 5013 -1 71 -1 2403 -1 96 -1 5014 -1 52 -1 8 -1 3300 -1 664 -1 101 -1 21 -1 122 -1 319 -1 2403 -1 265 -1 274 -1 220 -1 2418 -1 -2
14 -1 340 -1 7342 -1 54 -1 24 -1 3 -1 8 -1 1378 -1 18 -1 1212 -1 186 -1 29 -1 17 -1 3 -1 8 -1 186 -1 18 -1 1212 -1 1378 -1 29 -1 17 -1 3 -1 1212 -1 186 -1 -2
310 -1 632 -1 568 -1 293 -1 1599 -1 810 -1 1780 -1 272 -1 318 -1 198 -1 7198 -1 8 -1 3689 -1 3690 -1 265 -1 3751 -1 21 -1 8 -1 965 -1 5824 -1 8077 -1 5711 -1 4019 -1 4310 -1 219 -1 124 -1 8078 -1 142 -1 318 -1 14 -1 8079 -1 5711 -1 4019 -1 622 -1 219 -1 124 -1 4233 -1 -2
407 -1 8 -1 558 -1 18 -1 29 -1 7567 -1 75 -1 1260 -1 3944 -1 20 -1 637 -1 513 -1 759 -1 8799 -1 20 -1 1522 -1 513 -1 381 -1 209 -1 934 -1 39 -1 354 -1 20 -1 40 -1 198 -1 52 -1 230 -1 -2
1 -1 1 -1 1 -1 229 -1 8 -1 1032 -1 1381 -1 17 -1 52 -1 64 -1 347 -1 192 -1 13 -1 40 -1 2672 -1 92 -1 6856 -1 71 -1 263 -1 96 -1 265 -1 231 -1 976 -1 6341 -1 3 -1 8 -1 126 -1 905 -1 265 -1 2756 -1 30 -1 39 -1 64 -1 75 -1 25 -1 13 -1 40 -1 6856 -1 71 -1 318 -1 20 -1 316 -1 3762 -1 219 -1 487 -1 52 -1 125 -1 467 -1 1165 -1 506 -1 -2
310 -1 20 -1 8 -1 905 -1 18 -1 2671 -1 17 -1 90 -1 3378 -1 25 -1 8 -1 905 -1 18 -1 2110 -1 347 -1 484 -1 17 -1 90 -1 187 -1 -2
36 -1 8 -1 1250 -1 18 -1 1673 -1 206 -1 71 -1 1256 -1 64 -1 17 -1 144 -1 64 -1 17 -1 1632 -1 14 -1 17 -1 2673 -1 647 -1 14 -1 71 -1 32 -1 318 -1 5785 -1 197 -1 17 -1 896 -1 18 -1 8 -1 5477 -1 18 -1 188 -1 186 -1 14 -1 4971 -1 71 -1 290 -1 507 -1 103 -1 74 -1 20 -1 274 -1 1040 -1 318 -1 96 -1 5477 -1 124 -1 632 -1 47 -1 18 -1 8 -1 152 -1 2672 -1 -2
781 -1 276 -1 641 -1 219 -1 2655 -1 227 -1 1834 -1 71 -1 40 -1 3487 -1 3 -1 71 -1 40 -1 2582 -1 92 -1 3488 -1 414 -1 71 -1 934 -1 1611 -1 3438 -1 234 -1 8 -1 731 -1 18 -1 11 -1 290 -1 545 -1 318 -1 20 -1 3489 -1 14 -1 1837 -1 8 -1 3490 -1 18 -1 873 -1 2310 -1 20 -1 71 -1 846 -1 219 -1 63 -1 186 -1 71 -1 903 -1 40 -1 3491 -1 262 -1 1750 -1 1750 -1 262 -1 40 -1 19 -1 92 -1 467 -1 262 -1 467 -1 -2
1 -1 1 -1 1 -1 310 -1 436 -1 8 -1 2129 -1 1144 -1 17 -1 52 -1 224 -1 39 -1 22 -1 219 -1 602 -1 290 -1 230 -1 103 -1 224 -1 39 -1 21 -1 347 -1 1475 -1 18 -1 571 -1 227 -1 4488 -1 1769 -1 92 -1 61 -1 21 -1 227 -1 731 -1 117 -1 19 -1 70 -1 227 -1 930 -1 4472 -1 187 -1 292 -1 263 -1 21 -1 129 -1 14 -1 4539 -1 54 -1 8 -1 312 -1 8 -1 4472 -1 61 -1 21 -1 322 -1 219 -1 211 -1 307 -1 187 -1 316 -1 4399 -1 -2
407 -1 175 -1 50 -1 3757 -1 74 -1 24 -1 71 -1 8 -1 2061 -1 18 -1 591 -1 1188 -1 2333 -1 20 -1 8 -1 5895 -1 435 -1 3429 -1 -2
1 -1 1 -1 1 -1 6198 -1 175 -1 1688 -1 467 -1 292 -1 26 -1 1503 -1 197 -1 17 -1 40 -1 1032 -1 71 -1 290 -1 6199 -1 18 -1 199 -1 5716 -1 96 -1 17 -1 3 -1 64 -1 6200 -1 8 -1 905 -1 92 -1 187 -1 18 -1 4723 -1 21 -1 347 -1 322 -1 1502 -1 21 -1 -2
1 -1 1 -1 1 -1 907 -1 8 -1 188 -1 186 -1 290 -1 21 -1 40 -1 89 -1 4620 -1 14 -1 40 -1 1431 -1 18 -1 206 -1 47 -1 18 -1 8 -1 4620 -1 316 -1 187 -1 3314 -1 40 -1 47 -1 71 -1 5424 -1 8 -1 5425 -1 18 -1 8 -1 398 -1 26 -1 17 -1 40 -1 2895 -1 92 -1 5426 -1 2322 -1 20 -1 214 -1 40 -1 3821 -1 5427 -1 18 -1 8 -1 4620 -1 103 -1 227 -1 129 -1 1626 -1 -2
1 -1 1 -1 1 -1 1 -1 1 -1 1 -1 1 -1 1 -1 1 -1 1 -1 1 -1 1 -1 1 -1 1 -1 1 -1 1 -1 1 -1 1 -1 1 -1 1 -1 1 -1 1 -1 1 -1 1 -1 1 -1 1 -1 1 -1 1 -1 1 -1 1 -1 365 -1 5537 -1 1 -1 1 -1 1 -1 1 -1 1 -1 1 -1 1 -1 1 -1 1 -1 1 -1 1 -1 363 -1 360 -1 5538 -1 1644 -1 5539 -1 363 -1 1151 -1 91 -1 1 -1 1 -1 1 -1 360 -1 5538 -1 18 -1 40 -1 193 -1 441 -1 21 -1 8 -1 5540 -1 14 -1 3882 -1 18 -1 5541 -1 4687 -1 71 -1 38 -1 -2
14 -1 942 -1 40 -1 1067 -1 3 -1 1740 -1 18 -1 347 -1 1262 -1 17 -1 600 -1 3926 -1 4089 -1 8 -1 147 -1 18 -1 8 -1 4090 -1 -2
36 -1 64 -1 17 -1 30 -1 103 -1 206 -1 71 -1 8093 -1 227 -1 1792 -1 2992 -1 39 -1 71 -1 743 -1 307 -1 292 -1 54 -1 761 -1 18 -1 3508 -1 1913 -1 2908 -1 21 -1 122 -1 319 -1 2483 -1 14 -1 299 -1 1204 -1 71 -1 4187 -1 307 -1 266 -1 265 -1 299 -1 1204 -1 3435 -1 71 -1 1358 -1 318 -1 -2
1 -1 1 -1 1 -1 310 -1 436 -1 21 -1 2217 -1 8 -1 1609 -1 14 -1 1610 -1 124 -1 936 -1 3 -1 1121 -1 18 -1 8 -1 332 -1 14 -1 333 -1 1155 -1 14 -1 1134 -1 18 -1 8 -1 484 -1 44 -1 51 -1 2220 -1 8 -1 332 -1 92 -1 333 -1 669 -1 179 -1 2260 -1 381 -1 8 -1 1121 -1 18 -1 40 -1 614 -1 2261 -1 18 -1 1155 -1 18 -1 96 -1 401 -1 1597 -1 347 -1 19 -1 17 -1 1205 -1 71 -1 479 -1 71 -1 8 -1 787 -1 -2
39 -1 3 -1 8 -1 731 -1 18 -1 2581 -1 17 -1 2304 -1 181 -1 21 -1 1270 -1 14 -1 7132 -1 181 -1 545 -1 2658 -1 14 -1 862 -1 315 -1 3468 -1 478 -1 20 -1 8 -1 1784 -1 8 -1 609 -1 8 -1 847 -1 1930 -1 14 -1 35 -1 18 -1 635 -1 636 -1 14 -1 315 -1 8 -1 728 -1 29 -1 719 -1 21 -1 8 -1 440 -1 21 -1 619 -1 14 -1 6087 -1 96 -1 124 -1 52 -1 496 -1 1753 -1 759 -1 1481 -1 347 -1 664 -1 101 -1 8 -1 737 -1 92 -1 516 -1 219 -1 744 -1 21 -1 96 -1 895 -1 97 -1 212 -1 496 -1 1753 -1 39 -1 1550 -1 18 -1 8 -1 430 -1 80 -1 266 -1 11 -1 773 -1 318 -1 1140 -1 71 -1 686 -1 1212 -1 147 -1 219 -1 124 -1 52 -1 627 -1 2664 -1 3508 -1 5519 -1 29 -1 17 -1 71 -1 53 -1 1212 -1 7126 -1 -2
502 -1 29 -1 2290 -1 542 -1 1040 -1 798 -1 8 -1 2261 -1 18 -1 40 -1 296 -1 732 -1 542 -1 1535 -1 307 -1 21 -1 40 -1 1138 -1 18 -1 30 -1 147 -1 290 -1 92 -1 30 -1 147 -1 52 -1 290 -1 92 -1 30 -1 592 -1 395 -1 92 -1 592 -1 52 -1 395 -1 -2
310 -1 29 -1 96 -1 17 -1 505 -1 21 -1 8 -1 1270 -1 2509 -1 17 -1 1829 -1 71 -1 2952 -1 11 -1 101 -1 19 -1 12 -1 414 -1 21 -1 8 -1 2483 -1 18 -1 11 -1 3 -1 4081 -1 14 -1 52 -1 3 -1 174 -1 -2
182 -1 21 -1 33 -1 4620 -1 18 -1 22 -1 197 -1 602 -1 3470 -1 39 -1 290 -1 45 -1 4556 -1 124 -1 1165 -1 71 -1 29 -1 18 -1 8 -1 1913 -1 14 -1 284 -1 227 -1 4556 -1 32 -1 992 -1 14 -1 996 -1 2979 -1 14 -1 2884 -1 3399 -1 922 -1 262 -1 8 -1 126 -1 3349 -1 -2
2509 -1 5773 -1 632 -1 71 -1 8 -1 541 -1 18 -1 40 -1 4969 -1 74 -1 20 -1 17 -1 21 -1 54 -1 2818 -1 8 -1 2991 -1 4488 -1 290 -1 30 -1 224 -1 19 -1 92 -1 33 -1 4620 -1 71 -1 32 -1 8 -1 146 -1 1854 -1 49 -1 8 -1 2672 -1 75 -1 13 -1 14 -1 8 -1 73 -1 18 -1 8 -1 2672 -1 435 -1 20 -1 825 -1 39 -1 21 -1 20 -1 418 -1 14 -1 5719 -1 1414 -1 20 -1 50 -1 290 -1 -2
74 -1 124 -1 8 -1 6159 -1 18 -1 8 -1 2899 -1 92 -1 6160 -1 18 -1 8 -1 6161 -1 18 -1 8 -1 193 -1 71 -1 33 -1 780 -1 27 -1 54 -1 6162 -1 272 -1 8 -1 4488 -1 18 -1 8 -1 193 -1 290 -1 30 -1 40 -1 4646 -1 92 -1 33 -1 4620 -1 14 -1 54 -1 3241 -1 3 -1 1378 -1 92 -1 4379 -1 71 -1 4609 -1 8 -1 187 -1 18 -1 8 -1 126 -1 245 -1 21 -1 8 -1 410 -1 604 -1 92 -1 21 -1 962 -1 -2
310 -1 175 -1 846 -1 29 -1 4776 -1 467 -1 31 -1 290 -1 591 -1 594 -1 505 -1 21 -1 102 -1 508 -1 101 -1 29 -1 96 -1 242 -1 17 -1 90 -1 9152 -1 9153 -1 759 -1 591 -1 4643 -1 71 -1 2913 -1 101 -1 199 -1 18 -1 29 -1 265 -1 12 -1 505 -1 21 -1 122 -1 4382 -1 759 -1 591 -1 9154 -1 101 -1 40 -1 89 -1 47 -1 18 -1 122 -1 9155 -1 -2
36 -1 234 -1 30 -1 858 -1 4978 -1 71 -1 1673 -1 210 -1 71 -1 537 -1 227 -1 319 -1 2403 -1 2355 -1 45 -1 18 -1 318 -1 235 -1 290 -1 981 -1 103 -1 3917 -1 181 -1 71 -1 3932 -1 8 -1 780 -1 299 -1 1042 -1 71 -1 1520 -1 8 -1 193 -1 14 -1 1520 -1 30 -1 58 -1 3 -1 5604 -1 74 -1 24 -1 20 -1 2104 -1 311 -1 1609 -1 290 -1 1366 -1 5605 -1 92 -1 161 -1 1293 -1 2023 -1 71 -1 318 -1 -2
14 -1 284 -1 124 -1 2043 -1 18 -1 8 -1 393 -1 18 -1 307 -1 29 -1 2051 -1 21 -1 209 -1 1155 -1 14 -1 124 -1 942 -1 90 -1 2052 -1 -2
2405 -1 234 -1 40 -1 19 -1 176 -1 29 -1 219 -1 4417 -1 5226 -1 8 -1 780 -1 39 -1 299 -1 47 -1 18 -1 227 -1 5342 -1 852 -1 219 -1 29 -1 1575 -1 5226 -1 307 -1 299 -1 8 -1 72 -1 197 -1 17 -1 212 -1 146 -1 71 -1 390 -1 227 -1 3494 -1 92 -1 9423 -1 33 -1 2907 -1 39 -1 919 -1 40 -1 9424 -1 71 -1 8 -1 780 -1 -2
388 -1 2766 -1 18 -1 3174 -1 71 -1 209 -1 29 -1 479 -1 318 -1 124 -1 14 -1 557 -1 63 -1 395 -1 591 -1 1983 -1 71 -1 341 -1 227 -1 312 -1 101 -1 8 -1 145 -1 58 -1 -2
310 -1 632 -1 97 -1 8 -1 7046 -1 18 -1 8 -1 16 -1 14 -1 568 -1 29 -1 8 -1 4268 -1 18 -1 54 -1 635 -1 636 -1 21 -1 8 -1 1368 -1 7219 -1 160 -1 3409 -1 2167 -1 80 -1 436 -1 219 -1 160 -1 52 -1 1135 -1 71 -1 3436 -1 887 -1 71 -1 347 -1 1143 -1 92 -1 23 -1 5466 -1 18 -1 11 -1 219 -1 537 -1 52 -1 71 -1 290 -1 90 -1 3773 -1 -2
2752 -1 492 -1 8 -1 126 -1 17 -1 976 -1 7131 -1 30 -1 17 -1 52 -1 8800 -1 71 -1 53 -1 219 -1 63 -1 1989 -1 71 -1 8 -1 8801 -1 96 -1 17 -1 5288 -1 21 -1 8 -1 3670 -1 419 -1 2822 -1 492 -1 30 -1 17 -1 505 -1 29 -1 7220 -1 4811 -1 3781 -1 4535 -1 802 -1 299 -1 307 -1 1363 -1 14 -1 4947 -1 14 -1 1364 -1 52 -1 54 -1 39 -1 45 -1 18 -1 122 -1 5072 -1 14 -1 1793 -1 318 -1 779 -1 262 -1 33 -1 2945 -1 7765 -1 3136 -1 3 -1 58 -1 14 -1 75 -1 8802 -1 685 -1 318 -1 -2
781 -1 276 -1 641 -1 21 -1 8 -1 1517 -1 5908 -1 18 -1 905 -1 5511 -1 206 -1 18 -1 8 -1 930 -1 870 -1 124 -1 8 -1 3801 -1 14 -1 211 -1 1696 -1 52 -1 306 -1 18 -1 8 -1 1822 -1 39 -1 18 -1 8 -1 905 -1 14 -1 2630 -1 1991 -1 103 -1 8 -1 5504 -1 92 -1 103 -1 8 -1 5503 -1 29 -1 17 -1 71 -1 53 -1 124 -1 3801 -1 52 -1 306 -1 18 -1 8 -1 1822 -1 39 -1 27 -1 18 -1 8 -1 905 -1 14 -1 21 -1 40 -1 1032 -1 18 -1 1116 -1 52 -1 306 -1 1677 -1 579 -1 1135 -1 92 -1 52 -1 1135 -1 39 -1 27 -1 579 -1 30 -1 290 -1 5909 -1 5910 -1 5881 -1 4062 -1 14 -1 8 -1 276 -1 96 -1 124 -1 5911 -1 18 -1 2672 -1 -2
310 -1 1158 -1 265 -1 75 -1 266 -1 4905 -1 40 -1 188 -1 2300 -1 -2
310 -1 7417 -1 40 -1 1032 -1 50 -1 290 -1 2707 -1 21 -1 64 -1 641 -1 11 -1 2730 -1 71 -1 74 -1 40 -1 1143 -1 -2
781 -1 8 -1 418 -1 391 -1 29 -1 96 -1 17 -1 13 -1 890 -1 3 -1 3508 -1 7291 -1 92 -1 7292 -1 30 -1 71 -1 122 -1 319 -1 537 -1 17 -1 505 -1 71 -1 290 -1 7293 -1 3 -1 11 -1 20 -1 8 -1 1802 -1 648 -1 21 -1 8 -1 1785 -1 6512 -1 14 -1 20 -1 8 -1 4901 -1 21 -1 8 -1 6887 -1 2687 -1 160 -1 505 -1 71 -1 290 -1 7293 -1 266 -1 219 -1 160 -1 938 -1 299 -1 8 -1 2581 -1 18 -1 2679 -1 -2
229 -1 29 -1 4736 -1 96 -1 17 -1 52 -1 3868 -1 103 -1 8 -1 178 -1 39 -1 103 -1 8 -1 5625 -1 18 -1 8 -1 414 -1 214 -1 3392 -1 71 -1 5594 -1 563 -1 18 -1 1784 -1 12 -1 135 -1 669 -1 161 -1 3242 -1 306 -1 492 -1 27 -1 30 -1 17 -1 567 -1 71 -1 8 -1 563 -1 18 -1 145 -1 14 -1 275 -1 71 -1 63 -1 8 -1 1013 -1 5626 -1 71 -1 8 -1 5587 -1 22 -1 696 -1 18 -1 209 -1 29 -1 63 -1 30 -1 -2
229 -1 80 -1 40 -1 1717 -1 17 -1 52 -1 715 -1 40 -1 193 -1 553 -1 30 -1 290 -1 18 -1 29 -1 186 -1 3 -1 135 -1 319 -1 1431 -1 92 -1 3 -1 23 -1 3333 -1 20 -1 52 -1 71 -1 290 -1 4593 -1 316 -1 8 -1 3326 -1 18 -1 153 -1 -2
3351 -1 18 -1 8 -1 2672 -1 18 -1 174 -1 6024 -1 212 -1 19 -1 436 -1 117 -1 19 -1 29 -1 12 -1 1333 -1 71 -1 8 -1 537 -1 18 -1 146 -1 17 -1 2138 -1 71 -1 140 -1 265 -1 918 -1 52 -1 71 -1 125 -1 71 -1 225 -1 64 -1 265 -1 235 -1 52 -1 63 -1 1135 -1 71 -1 263 -1 -2
1 -1 1 -1 1 -1 693 -1 852 -1 41 -1 17 -1 563 -1 18 -1 414 -1 14 -1 1584 -1 1753 -1 124 -1 52 -1 4925 -1 18 -1 414 -1 219 -1 124 -1 793 -1 71 -1 32 -1 30 -1 497 -1 1063 -1 183 -1 40 -1 108 -1 31 -1 1799 -1 582 -1 316 -1 8 -1 73 -1 71 -1 3268 -1 3271 -1 92 -1 3848 -1 14 -1 183 -1 8 -1 849 -1 18 -1 206 -1 14 -1 175 -1 50 -1 1273 -1 18 -1 227 -1 799 -1 96 -1 219 -1 744 -1 21 -1 31 -1 2602 -1 3 -1 649 -1 21 -1 6888 -1 851 -1 14 -1 23 -1 761 -1 18 -1 9209 -1 -2
310 -1 632 -1 234 -1 8 -1 2992 -1 1708 -1 8 -1 707 -1 18 -1 8 -1 870 -1 14 -1 8 -1 1285 -1 4620 -1 1708 -1 27 -1 8 -1 707 -1 18 -1 8 -1 870 -1 14 -1 225 -1 4620 -1 1708 -1 8 -1 707 -1 18 -1 40 -1 47 -1 18 -1 8 -1 870 -1 219 -1 124 -1 52 -1 224 -1 707 -1 759 -1 224 -1 188 -1 39 -1 1402 -1 210 -1 14 -1 1402 -1 4766 -1 -2
103 -1 30 -1 17 -1 377 -1 2395 -1 29 -1 212 -1 19 -1 17 -1 1754 -1 21 -1 347 -1 23 -1 2913 -1 -2
1 -1 1 -1 1 -1 2144 -1 292 -1 868 -1 18 -1 1501 -1 18 -1 186 -1 17 -1 90 -1 2145 -1 18 -1 393 -1 -2
36 -1 21 -1 29 -1 265 -1 17 -1 40 -1 192 -1 265 -1 8327 -1 8 -1 5451 -1 14 -1 21 -1 29 -1 265 -1 17 -1 8 -1 188 -1 96 -1 17 -1 20 -1 199 -1 20 -1 71 -1 53 -1 8 -1 2353 -1 3 -1 373 -1 8 -1 3855 -1 265 -1 8328 -1 124 -1 4905 -1 3 -1 8 -1 2353 -1 -2
1 -1 1 -1 1 -1 310 -1 37 -1 619 -1 124 -1 504 -1 3 -1 8 -1 769 -1 18 -1 45 -1 18 -1 8 -1 740 -1 158 -1 18 -1 8 -1 73 -1 469 -1 770 -1 343 -1 749 -1 400 -1 771 -1 619 -1 -2
759 -1 31 -1 219 -1 290 -1 1357 -1 71 -1 622 -1 318 -1 664 -1 101 -1 30 -1 17 -1 103 -1 8 -1 1913 -1 332 -1 8 -1 1001 -1 18 -1 96 -1 219 -1 1403 -1 25 -1 614 -1 1452 -1 1245 -1 20 -1 219 -1 622 -1 347 -1 23 -1 2778 -1 905 -1 18 -1 8 -1 107 -1 -2
1 -1 1 -1 1 -1 781 -1 96 -1 1503 -1 197 -1 17 -1 470 -1 29 -1 17 -1 29 -1 17 -1 52 -1 161 -1 162 -1 665 -1 1422 -1 -2
229 -1 1399 -1 17 -1 2481 -1 117 -1 543 -1 1703 -1 14 -1 632 -1 197 -1 31 -1 290 -1 212 -1 501 -1 18 -1 11 -1 759 -1 18 -1 8 -1 108 -1 18 -1 19 -1 759 -1 18 -1 847 -1 39 -1 306 -1 18 -1 478 -1 521 -1 29 -1 17 -1 478 -1 29 -1 63 -1 443 -1 21 -1 58 -1 92 -1 124 -1 3 -1 74 -1 4835 -1 -2
103 -1 265 -1 12 -1 712 -1 97 -1 33 -1 4420 -1 4421 -1 80 -1 40 -1 4421 -1 14 -1 212 -1 19 -1 31 -1 290 -1 1357 -1 71 -1 329 -1 307 -1 -2
310 -1 20 -1 1710 -1 124 -1 18 -1 988 -1 989 -1 562 -1 18 -1 1822 -1 14 -1 18 -1 2672 -1 25 -1 124 -1 2479 -1 45 -1 18 -1 1822 -1 45 -1 18 -1 2672 -1 -2
36 -1 3 -1 8 -1 174 -1 18 -1 227 -1 2874 -1 219 -1 124 -1 4926 -1 71 -1 1181 -1 20 -1 614 -1 20 -1 344 -1 92 -1 20 -1 8 -1 145 -1 18 -1 174 -1 92 -1 20 -1 1632 -1 435 -1 96 -1 1622 -1 318 -1 38 -1 -2
182 -1 29 -1 40 -1 1170 -1 18 -1 122 -1 319 -1 4934 -1 92 -1 4935 -1 290 -1 4937 -1 685 -1 347 -1 23 -1 436 -1 206 -1 124 -1 3859 -1 71 -1 290 -1 591 -1 2678 -1 3 -1 174 -1 71 -1 4857 -1 227 -1 319 -1 1842 -1 101 -1 8 -1 1842 -1 18 -1 23 -1 206 -1 14 -1 18 -1 227 -1 319 -1 919 -1 40 -1 4934 -1 101 -1 40 -1 4935 -1 436 -1 206 -1 124 -1 1144 -1 4938 -1 101 -1 1844 -1 103 -1 312 -1 18 -1 1321 -1 14 -1 2092 -1 -2
103 -1 2073 -1 6538 -1 206 -1 52 -1 306 -1 2227 -1 8 -1 4503 -1 14 -1 1475 -1 18 -1 3762 -1 39 -1 2227 -1 54 -1 186 -1 29 -1 17 -1 1737 -1 71 -1 4663 -1 318 -1 20 -1 21 -1 8 -1 322 -1 18 -1 6609 -1 266 -1 103 -1 8 -1 6610 -1 831 -1 18 -1 224 -1 18 -1 122 -1 3798 -1 265 -1 75 -1 3086 -1 586 -1 18 -1 3358 -1 14 -1 8 -1 3134 -1 435 -1 4921 -1 -2
3844 -1 183 -1 31 -1 40 -1 19 -1 846 -1 29 -1 4535 -1 17 -1 8 -1 2992 -1 29 -1 274 -1 5031 -1 560 -1 553 -1 265 -1 846 -1 307 -1 27 -1 8045 -1 976 -1 292 -1 8 -1 848 -1 -2
310 -1 26 -1 219 -1 637 -1 4284 -1 18 -1 688 -1 1232 -1 90 -1 29 -1 5565 -1 29 -1 17 -1 71 -1 53 -1 3882 -1 96 -1 51 -1 390 -1 2672 -1 14 -1 4557 -1 1632 -1 3 -1 5566 -1 71 -1 117 -1 19 -1 122 -1 319 -1 -2
39 -1 26 -1 17 -1 1611 -1 18 -1 8 -1 2015 -1 18 -1 11 -1 14 -1 18 -1 227 -1 7582 -1 71 -1 719 -1 976 -1 52 -1 18 -1 40 -1 38 -1 617 -1 1968 -1 14 -1 21 -1 8 -1 126 -1 391 -1 29 -1 11 -1 505 -1 71 -1 1269 -1 29 -1 381 -1 8 -1 648 -1 265 -1 1103 -1 5091 -1 18 -1 8 -1 3694 -1 3421 -1 265 -1 1103 -1 6956 -1 4915 -1 292 -1 29 -1 604 -1 4363 -1 265 -1 75 -1 40 -1 848 -1 19 -1 3 -1 1696 -1 39 -1 52 -1 3 -1 112 -1 1045 -1 1178 -1 40 -1 2317 -1 4813 -1 568 -1 -2
36 -1 2667 -1 14 -1 8 -1 2945 -1 3612 -1 160 -1 3508 -1 4488 -1 21 -1 8 -1 2686 -1 2687 -1 14 -1 293 -1 1599 -1 263 -1 20 -1 19 -1 3924 -1 122 -1 5150 -1 381 -1 1244 -1 -2
310 -1 632 -1 553 -1 197 -1 290 -1 33 -1 5856 -1 5588 -1 3 -1 8 -1 188 -1 292 -1 96 -1 8 -1 5270 -1 3801 -1 124 -1 52 -1 71 -1 5896 -1 8 -1 5856 -1 31 -1 290 -1 212 -1 23 -1 101 -1 8 -1 1517 -1 3801 -1 21 -1 8 -1 126 -1 641 -1 20 -1 219 -1 124 -1 21 -1 503 -1 18 -1 8 -1 5280 -1 2672 -1 14 -1 227 -1 1902 -1 124 -1 71 -1 290 -1 712 -1 3 -1 318 -1 29 -1 3208 -1 103 -1 145 -1 21 -1 29 -1 129 -1 322 -1 39 -1 52 -1 71 -1 4440 -1 23 -1 3801 -1 21 -1 276 -1 503 -1 71 -1 211 -1 276 -1 2479 -1 -2
1 -1 1 -1 1 -1 781 -1 8 -1 604 -1 18 -1 2667 -1 197 -1 160 -1 2676 -1 206 -1 1192 -1 263 -1 29 -1 7005 -1 21 -1 8 -1 6933 -1 18 -1 8 -1 4530 -1 -2
1 -1 103 -1 29 -1 17 -1 40 -1 493 -1 8 -1 4323 -1 18 -1 1244 -1 71 -1 3268 -1 602 -1 1708 -1 -2
502 -1 29 -1 8 -1 162 -1 537 -1 18 -1 690 -1 17 -1 71 -1 1324 -1 103 -1 1325 -1 92 -1 1326 -1 18 -1 1089 -1 -2
948 -1 17 -1 30 -1 29 -1 5275 -1 169 -1 8 -1 1577 -1 18 -1 8 -1 4969 -1 14 -1 8 -1 1577 -1 18 -1 8 -1 4969 -1 855 -1 8 -1 2672 -1 17 -1 591 -1 564 -1 230 -1 3 -1 339 -1 101 -1 22 -1 934 -1 -2
25 -1 29 -1 8 -1 899 -1 18 -1 2345 -1 557 -1 3486 -1 293 -1 7187 -1 604 -1 12 -1 810 -1 103 -1 1484 -1 162 -1 8 -1 1914 -1 18 -1 227 -1 3818 -1 14 -1 5409 -1 8 -1 187 -1 18 -1 209 -1 29 -1 13 -1 8 -1 2686 -1 14 -1 6887 -1 2687 -1 71 -1 290 -1 2756 -1 103 -1 8 -1 1419 -1 18 -1 899 -1 96 -1 1218 -1 487 -1 125 -1 39 -1 192 -1 4766 -1 1232 -1 124 -1 632 -1 8 -1 2991 -1 3818 -1 14 -1 8 -1 306 -1 210 -1 138 -1 2345 -1 242 -1 480 -1 539 -1 292 -1 11 -1 2445 -1 74 -1 20 -1 11 -1 2730 -1 71 -1 21 -1 284 -1 3781 -1 1140 -1 -2
1 -1 1 -1 1 -1 1369 -1 1368 -1 731 -1 17 -1 1370 -1 381 -1 22 -1 24 -1 103 -1 227 -1 257 -1 21 -1 45 -1 375 -1 92 -1 23 -1 376 -1 -2
20 -1 266 -1 40 -1 19 -1 530 -1 122 -1 1842 -1 71 -1 4417 -1 58 -1 14 -1 227 -1 1842 -1 71 -1 122 -1 2913 -1 20 -1 214 -1 1205 -1 71 -1 2562 -1 318 -1 234 -1 219 -1 1575 -1 92 -1 3 -1 153 -1 4632 -1 122 -1 1023 -1 71 -1 122 -1 147 -1 70 -1 318 -1 227 -1 3329 -1 381 -1 29 -1 1508 -1 -2
781 -1 8 -1 276 -1 391 -1 8 -1 1143 -1 7010 -1 7775 -1 8 -1 648 -1 18 -1 932 -1 29 -1 11 -1 235 -1 7776 -1 6833 -1 21 -1 3268 -1 14 -1 21 -1 1244 -1 1933 -1 14 -1 3406 -1 14 -1 7777 -1 18 -1 7778 -1 -2
310 -1 632 -1 161 -1 8 -1 4913 -1 18 -1 40 -1 746 -1 7077 -1 21 -1 8 -1 414 -1 18 -1 7469 -1 7470 -1 5061 -1 -2
1 -1 1 -1 1 -1 1389 -1 96 -1 1503 -1 30 -1 17 -1 1422 -1 29 -1 51 -1 124 -1 52 -1 71 -1 1434 -1 20 -1 347 -1 47 -1 179 -1 29 -1 389 -1 294 -1 90 -1 692 -1 21 -1 96 -1 441 -1 1122 -1 436 -1 30 -1 17 -1 52 -1 1333 -1 3 -1 1547 -1 39 -1 634 -1 20 -1 637 -1 21 -1 2383 -1 947 -1 20 -1 21 -1 19 -1 14 -1 17 -1 39 -1 40 -1 143 -1 18 -1 9098 -1 18 -1 1109 -1 21 -1 696 -1 657 -1 580 -1 8 -1 2224 -1 18 -1 117 -1 577 -1 5852 -1 9099 -1 8 -1 669 -1 9100 -1 8 -1 1137 -1 18 -1 8 -1 84 -1 1128 -1 -2
1 -1 1 -1 1 -1 1559 -1 955 -1 18 -1 548 -1 175 -1 53 -1 124 -1 2240 -1 92 -1 940 -1 1471 -1 18 -1 293 -1 259 -1 -2
1 -1 1 -1 1 -1 175 -1 63 -1 784 -1 1942 -1 21 -1 8 -1 1481 -1 1757 -1 29 -1 8 -1 2483 -1 18 -1 1025 -1 17 -1 52 -1 18 -1 26 -1 16 -1 -2
1 -1 1 -1 1 -1 693 -1 206 -1 63 -1 212 -1 1341 -1 39 -1 381 -1 8 -1 1165 -1 40 -1 89 -1 3905 -1 18 -1 2054 -1 21 -1 3906 -1 1000 -1 492 -1 197 -1 17 -1 212 -1 186 -1 1205 -1 71 -1 3907 -1 318 -1 54 -1 -2
682 -1 1032 -1 21 -1 8 -1 322 -1 18 -1 6271 -1 17 -1 4981 -1 3 -1 11 -1 2352 -1 52 -1 3 -1 2348 -1 399 -1 292 -1 6705 -1 3953 -1 39 -1 1212 -1 319 -1 186 -1 -2
21 -1 96 -1 391 -1 8 -1 7208 -1 18 -1 7469 -1 17 -1 90 -1 122 -1 8244 -1 -2
36 -1 266 -1 293 -1 1599 -1 810 -1 505 -1 71 -1 8640 -1 8641 -1 4433 -1 26 -1 -2
1198 -1 26 -1 414 -1 530 -1 84 -1 6376 -1 103 -1 8 -1 4588 -1 18 -1 8 -1 7273 -1 6380 -1 71 -1 8 -1 152 -1 107 -1 1165 -1 71 -1 29 -1 96 -1 8001 -1 8002 -1 8433 -1 30 -1 103 -1 -2
155 -1 51 -1 221 -1 29 -1 5056 -1 13 -1 7889 -1 14 -1 122 -1 7762 -1 7890 -1 110 -1 18 -1 3778 -1 7020 -1 318 -1 7891 -1 21 -1 54 -1 136 -1 18 -1 8 -1 2690 -1 14 -1 21 -1 8 -1 2908 -1 18 -1 8 -1 2992 -1 -2
581 -1 74 -1 1547 -1 20 -1 26 -1 4250 -1 2200 -1 12 -1 3709 -1 8 -1 731 -1 18 -1 647 -1 -2
310 -1 21 -1 2606 -1 604 -1 685 -1 1231 -1 160 -1 21 -1 930 -1 537 -1 8 -1 145 -1 160 -1 22 -1 696 -1 1320 -1 262 -1 5824 -1 29 -1 8 -1 869 -1 870 -1 1718 -1 1341 -1 21 -1 5825 -1 92 -1 5826 -1 318 -1 231 -1 8 -1 591 -1 564 -1 622 -1 318 -1 21 -1 143 -1 -2
36 -1 8 -1 2659 -1 2445 -1 40 -1 339 -1 2775 -1 21 -1 8 -1 604 -1 18 -1 8 -1 6962 -1 435 -1 14 -1 8 -1 398 -1 2775 -1 39 -1 40 -1 577 -1 685 -1 30 -1 14 -1 160 -1 25 -1 1835 -1 292 -1 836 -1 227 -1 910 -1 942 -1 2756 -1 103 -1 145 -1 20 -1 29 -1 227 -1 210 -1 160 -1 8181 -1 2238 -1 3 -1 877 -1 2659 -1 14 -1 2238 -1 3 -1 8 -1 2998 -1 160 -1 4850 -1 3 -1 318 -1 -2
14 -1 21 -1 1280 -1 4644 -1 219 -1 1232 -1 124 -1 900 -1 122 -1 3378 -1 21 -1 1756 -1 71 -1 8 -1 6648 -1 1232 -1 124 -1 8 -1 1842 -1 18 -1 8 -1 443 -1 124 -1 90 -1 8 -1 1842 -1 18 -1 6059 -1 -2
388 -1 342 -1 96 -1 17 -1 567 -1 71 -1 224 -1 3511 -1 188 -1 17 -1 8 -1 342 -1 18 -1 29 -1 188 -1 29 -1 17 -1 18 -1 8 -1 1913 -1 707 -1 -2
310 -1 18 -1 206 -1 209 -1 124 -1 18 -1 54 -1 84 -1 567 -1 71 -1 30 -1 29 -1 1641 -1 508 -1 -2
1198 -1 197 -1 17 -1 470 -1 21 -1 26 -1 257 -1 292 -1 662 -1 71 -1 1688 -1 40 -1 371 -1 18 -1 8 -1 8214 -1 381 -1 8 -1 3820 -1 92 -1 18 -1 8 -1 3728 -1 110 -1 381 -1 8 -1 3540 -1 39 -1 18 -1 181 -1 381 -1 8 -1 152 -1 188 -1 96 -1 918 -1 1741 -1 71 -1 993 -1 122 -1 152 -1 5109 -1 71 -1 8 -1 3825 -1 18 -1 6379 -1 39 -1 17 -1 52 -1 632 -1 567 -1 71 -1 347 -1 39 -1 11 -1 2352 -1 -2
907 -1 40 -1 19 -1 1769 -1 265 -1 29 -1 17 -1 5155 -1 290 -1 4677 -1 18 -1 5881 -1 14 -1 103 -1 270 -1 5882 -1 103 -1 8 -1 126 -1 5883 -1 265 -1 5870 -1 4964 -1 263 -1 18 -1 8 -1 5881 -1 80 -1 234 -1 30 -1 290 -1 634 -1 29 -1 265 -1 5884 -1 103 -1 8 -1 5881 -1 265 -1 274 -1 815 -1 122 -1 5885 -1 4967 -1 54 -1 122 -1 4077 -1 5886 -1 4311 -1 14 -1 1670 -1 -2
155 -1 8 -1 156 -1 14 -1 157 -1 3 -1 96 -1 8 -1 158 -1 18 -1 26 -1 73 -1 159 -1 160 -1 161 -1 162 -1 13 -1 163 -1 164 -1 14 -1 165 -1 166 -1 29 -1 167 -1 92 -1 8 -1 168 -1 169 -1 32 -1 19 -1 170 -1 3 -1 11 -1 21 -1 8 -1 171 -1 -2
1 -1 1 -1 1 -1 310 -1 29 -1 18 -1 549 -1 8485 -1 1 -1 -2
1 -1 5998 -1 9 -1 1363 -1 14 -1 272 -1 26 -1 8396 -1 175 -1 147 -1 3889 -1 351 -1 2353 -1 14 -1 8 -1 6322 -1 18 -1 3271 -1 274 -1 52 -1 7910 -1 2227 -1 30 -1 -2
388 -1 5921 -1 1620 -1 14 -1 5922 -1 18 -1 3003 -1 29 -1 17 -1 18 -1 8 -1 5923 -1 436 -1 8 -1 72 -1 186 -1 18 -1 8 -1 870 -1 75 -1 21 -1 307 -1 -2
388 -1 2349 -1 1381 -1 1775 -1 160 -1 8 -1 2349 -1 18 -1 8 -1 2658 -1 29 -1 17 -1 8 -1 2686 -1 2687 -1 -2
1 -1 1 -1 1 -1 2050 -1 63 -1 1286 -1 4160 -1 29 -1 17 -1 71 -1 53 -1 5484 -1 18 -1 45 -1 1286 -1 136 -1 245 -1 161 -1 3242 -1 92 -1 2517 -1 -2
191 -1 71 -1 3695 -1 3501 -1 3696 -1 3697 -1 14 -1 3698 -1 3 -1 96 -1 219 -1 160 -1 71 -1 846 -1 8 -1 777 -1 18 -1 8 -1 2365 -1 231 -1 290 -1 3699 -1 14 -1 29 -1 1522 -1 1899 -1 21 -1 153 -1 89 -1 3700 -1 18 -1 151 -1 3656 -1 14 -1 409 -1 296 -1 1673 -1 3701 -1 1502 -1 292 -1 8 -1 777 -1 18 -1 8 -1 2365 -1 14 -1 227 -1 777 -1 292 -1 8 -1 2963 -1 18 -1 227 -1 2728 -1 92 -1 8 -1 3702 -1 92 -1 3703 -1 45 -1 898 -1 18 -1 8 -1 3501 -1 2406 -1 -2
682 -1 265 -1 8499 -1 71 -1 1896 -1 8786 -1 18 -1 6693 -1 5246 -1 -2
1151 -1 1783 -1 1873 -1 758 -1 318 -1 17 -1 29 -1 212 -1 19 -1 31 -1 2323 -1 40 -1 905 -1 71 -1 290 -1 18 -1 225 -1 296 -1 1334 -1 436 -1 265 -1 17 -1 52 -1 71 -1 2323 -1 1861 -1 3 -1 30 -1 71 -1 263 -1 -2
