1 -1 1 -1 1 -1 581 -1 26 -1 4010 -1 2672 -1 18 -1 174 -1 3 -1 96 -1 206 -1 124 -1 4011 -1 71 -1 434 -1 1263 -1 17 -1 399 -1 26 -1 1035 -1 2672 -1 -2
1 -1 1 -1 1 -1 155 -1 2212 -1 183 -1 284 -1 1949 -1 2887 -1 1256 -1 71 -1 206 -1 8 -1 24 -1 96 -1 274 -1 540 -1 323 -1 71 -1 753 -1 3438 -1 2212 -1 227 -1 332 -1 92 -1 333 -1 1834 -1 21 -1 1285 -1 92 -1 332 -1 92 -1 1522 -1 1899 -1 21 -1 347 -1 129 -1 3502 -1 206 -1 124 -1 1144 -1 161 -1 40 -1 1403 -1 1972 -1 29 -1 3205 -1 71 -1 1124 -1 18 -1 8 -1 604 -1 71 -1 323 -1 3 -1 8 -1 604 -1 657 -1 219 -1 124 -1 401 -1 1318 -1 52 -1 306 -1 71 -1 216 -1 967 -1 24 -1 568 -1 224 -1 92 -1 988 -1 2467 -1 103 -1 909 -1 18 -1 8 -1 276 -1 3503 -1 557 -1 568 -1 39 -1 27 -1 71 -1 846 -1 8 -1 276 -1 909 -1 292 -1 23 -1 206 -1 18 -1 138 -1 219 -1 63 -1 596 -1 1349 -1 40 -1 332 -1 868 -1 -2
807 -1 124 -1 632 -1 71 -1 176 -1 64 -1 8 -1 1577 -1 17 -1 18 -1 6067 -1 3406 -1 14 -1 23 -1 8 -1 276 -1 5648 -1 18 -1 1270 -1 -2
1 -1 1 -1 1 -1 2509 -1 17 -1 712 -1 27 -1 315 -1 103 -1 8 -1 206 -1 29 -1 63 -1 905 -1 71 -1 290 -1 18 -1 8 -1 4673 -1 97 -1 52 -1 3984 -1 4642 -1 29 -1 17 -1 71 -1 53 -1 103 -1 8 -1 72 -1 2129 -1 18 -1 192 -1 206 -1 183 -1 1835 -1 1674 -1 219 -1 290 -1 1241 -1 -2
1 -1 1 -1 1 -1 5273 -1 5264 -1 21 -1 227 -1 174 -1 39 -1 5416 -1 92 -1 315 -1 1590 -1 5274 -1 18 -1 870 -1 316 -1 4716 -1 71 -1 347 -1 129 -1 314 -1 52 -1 3 -1 3284 -1 18 -1 224 -1 71 -1 225 -1 39 -1 1246 -1 306 -1 292 -1 40 -1 257 -1 18 -1 1335 -1 14 -1 1832 -1 1113 -1 1792 -1 92 -1 2322 -1 1479 -1 71 -1 8 -1 4953 -1 92 -1 5417 -1 18 -1 117 -1 129 -1 296 -1 314 -1 2355 -1 -2
310 -1 26 -1 17 -1 1070 -1 71 -1 1218 -1 39 -1 209 -1 29 -1 2759 -1 21 -1 2760 -1 18 -1 1148 -1 1211 -1 20 -1 8 -1 1224 -1 92 -1 21 -1 2760 -1 18 -1 2761 -1 508 -1 -2
5062 -1 1944 -1 18 -1 8 -1 7183 -1 5309 -1 30 -1 306 -1 18 -1 8 -1 7183 -1 71 -1 38 -1 3401 -1 14 -1 52 -1 8 -1 7183 -1 71 -1 114 -1 -2
36 -1 234 -1 272 -1 8 -1 6214 -1 18 -1 40 -1 114 -1 154 -1 994 -1 52 -1 21 -1 8 -1 2757 -1 18 -1 8 -1 6228 -1 8 -1 114 -1 17 -1 52 -1 71 -1 290 -1 2927 -1 5224 -1 97 -1 8 -1 2522 -1 1896 -1 3726 -1 3 -1 33 -1 376 -1 52 -1 71 -1 290 -1 4267 -1 21 -1 96 -1 322 -1 154 -1 17 -1 52 -1 5950 -1 39 -1 6229 -1 -2
1 -1 1 -1 1 -1 781 -1 40 -1 332 -1 1909 -1 8 -1 932 -1 343 -1 290 -1 2427 -1 436 -1 8 -1 2281 -1 441 -1 21 -1 8 -1 2430 -1 18 -1 8 -1 411 -1 21 -1 8 -1 558 -1 14 -1 21 -1 8 -1 2430 -1 18 -1 8 -1 312 -1 29 -1 124 -1 84 -1 1238 -1 71 -1 290 -1 855 -1 -2
310 -1 1158 -1 206 -1 810 -1 896 -1 71 -1 290 -1 401 -1 7472 -1 14 -1 7473 -1 21 -1 6532 -1 8 -1 660 -1 18 -1 19 -1 29 -1 7474 -1 263 -1 71 -1 290 -1 40 -1 1143 -1 3371 -1 169 -1 71 -1 2952 -1 11 -1 21 -1 29 -1 543 -1 96 -1 265 -1 21 -1 3508 -1 731 -1 7475 -1 169 -1 71 -1 290 -1 8 -1 543 -1 71 -1 3743 -1 -2
1 -1 1 -1 1 -1 1 -1 1 -1 1 -1 1 -1 1 -1 1 -1 1 -1 1 -1 1 -1 1 -1 1 -1 1 -1 1 -1 1 -1 1 -1 1 -1 1 -1 1 -1 1 -1 1 -1 1 -1 1 -1 1 -1 1 -1 1 -1 1 -1 365 -1 5992 -1 1 -1 1 -1 1 -1 1 -1 1 -1 1 -1 1 -1 1 -1 1 -1 1 -1 1 -1 1 -1 1 -1 1 -1 1 -1 1 -1 1 -1 1 -1 363 -1 5993 -1 5994 -1 1644 -1 5995 -1 1 -1 1 -1 1 -1 1151 -1 3953 -1 17 -1 52 -1 306 -1 40 -1 5951 -1 18 -1 40 -1 2672 -1 39 -1 27 -1 347 -1 1868 -1 18 -1 8 -1 4969 -1 -2
4371 -1 30 -1 17 -1 1018 -1 29 -1 8 -1 98 -1 3202 -1 74 -1 20 -1 17 -1 8 -1 2913 -1 18 -1 8 -1 2353 -1 17 -1 40 -1 6233 -1 103 -1 8 -1 645 -1 -2
229 -1 64 -1 265 -1 267 -1 1479 -1 71 -1 284 -1 17 -1 8 -1 831 -1 18 -1 117 -1 224 -1 -2
8418 -1 6832 -1 124 -1 74 -1 20 -1 2323 -1 71 -1 290 -1 8 -1 1025 -1 39 -1 124 -1 52 -1 14 -1 124 -1 90 -1 715 -1 8419 -1 21 -1 74 -1 391 -1 20 -1 266 -1 197 -1 615 -1 40 -1 8132 -1 21 -1 8 -1 2353 -1 3 -1 8 -1 4913 -1 18 -1 988 -1 8394 -1 8 -1 224 -1 8 -1 224 -1 1630 -1 8 -1 23 -1 8420 -1 92 -1 8 -1 877 -1 3826 -1 -2
229 -1 40 -1 3102 -1 316 -1 1788 -1 97 -1 265 -1 2561 -1 103 -1 8 -1 193 -1 267 -1 52 -1 632 -1 4477 -1 8 -1 707 -1 18 -1 30 -1 436 -1 197 -1 17 -1 1218 -1 71 -1 4477 -1 30 -1 71 -1 -2
103 -1 29 -1 17 -1 40 -1 186 -1 96 -1 265 -1 3806 -1 71 -1 216 -1 272 -1 263 -1 198 -1 5086 -1 13 -1 1017 -1 40 -1 824 -1 92 -1 40 -1 7951 -1 545 -1 542 -1 -2
1 -1 1 -1 1 -1 682 -1 89 -1 187 -1 214 -1 4760 -1 14 -1 4759 -1 4685 -1 71 -1 8 -1 107 -1 197 -1 17 -1 577 -1 2305 -1 103 -1 8 -1 868 -1 18 -1 318 -1 29 -1 53 -1 18 -1 188 -1 2998 -1 97 -1 219 -1 290 -1 4761 -1 4762 -1 18 -1 98 -1 186 -1 101 -1 117 -1 224 -1 18 -1 227 -1 2376 -1 80 -1 219 -1 290 -1 4763 -1 4764 -1 18 -1 645 -1 186 -1 101 -1 318 -1 54 -1 164 -1 -2
25 -1 27 -1 50 -1 8 -1 932 -1 315 -1 290 -1 3964 -1 272 -1 224 -1 494 -1 2061 -1 14 -1 8 -1 440 -1 161 -1 225 -1 604 -1 1865 -1 1825 -1 8 -1 16 -1 -2
36 -1 679 -1 234 -1 175 -1 3734 -1 71 -1 2500 -1 40 -1 4176 -1 92 -1 2908 -1 103 -1 351 -1 38 -1 71 -1 33 -1 780 -1 175 -1 538 -1 3442 -1 3 -1 30 -1 -2
907 -1 40 -1 1143 -1 719 -1 545 -1 542 -1 92 -1 40 -1 6824 -1 18 -1 619 -1 14 -1 274 -1 2323 -1 8 -1 2110 -1 18 -1 40 -1 3774 -1 14 -1 8 -1 3774 -1 323 -1 71 -1 753 -1 234 -1 265 -1 53 -1 168 -1 169 -1 994 -1 2550 -1 2365 -1 96 -1 4433 -1 5705 -1 52 -1 855 -1 4433 -1 5971 -1 52 -1 2978 -1 71 -1 307 -1 271 -1 -2
14 -1 206 -1 1214 -1 74 -1 20 -1 63 -1 318 -1 20 -1 836 -1 25 -1 22 -1 941 -1 18 -1 2164 -1 21 -1 8 -1 193 -1 96 -1 2164 -1 17 -1 186 -1 -2
14 -1 80 -1 234 -1 197 -1 290 -1 52 -1 6733 -1 2884 -1 96 -1 2900 -1 5914 -1 14 -1 1985 -1 8 -1 669 -1 18 -1 146 -1 147 -1 290 -1 577 -1 -2
36 -1 30 -1 31 -1 335 -1 290 -1 29 -1 153 -1 274 -1 4447 -1 38 -1 14 -1 1263 -1 2562 -1 30 -1 -2
310 -1 80 -1 26 -1 3462 -1 52 -1 39 -1 29 -1 293 -1 1599 -1 818 -1 318 -1 186 -1 71 -1 6836 -1 14 -1 8066 -1 21 -1 54 -1 158 -1 18 -1 8 -1 16 -1 1110 -1 219 -1 160 -1 52 -1 3 -1 227 -1 319 -1 1792 -1 188 -1 3694 -1 -2
310 -1 26 -1 1673 -1 566 -1 18 -1 332 -1 17 -1 40 -1 357 -1 52 -1 306 -1 2143 -1 39 -1 27 -1 6334 -1 71 -1 8 -1 1913 -1 247 -1 -2
8 -1 3814 -1 160 -1 306 -1 5333 -1 18 -1 8 -1 4620 -1 71 -1 390 -1 318 -1 164 -1 103 -1 74 -1 4913 -1 14 -1 71 -1 2630 -1 318 -1 4905 -1 14 -1 71 -1 211 -1 318 -1 8 -1 8259 -1 96 -1 242 -1 17 -1 90 -1 7300 -1 -2
310 -1 80 -1 20 -1 1219 -1 20 -1 30 -1 17 -1 26 -1 17 -1 30 -1 219 -1 1702 -1 52 -1 921 -1 29 -1 8 -1 145 -1 124 -1 18 -1 212 -1 186 -1 71 -1 4663 -1 318 -1 316 -1 40 -1 3377 -1 21 -1 8 -1 1356 -1 18 -1 40 -1 19 -1 92 -1 206 -1 71 -1 400 -1 209 -1 145 -1 71 -1 290 -1 1320 -1 21 -1 112 -1 -2
1 -1 1 -1 1 -1 172 -1 1411 -1 197 -1 17 -1 470 -1 21 -1 26 -1 72 -1 732 -1 759 -1 21 -1 29 -1 175 -1 6874 -1 685 -1 18 -1 8 -1 126 -1 567 -1 21 -1 94 -1 20 -1 1835 -1 20 -1 175 -1 31 -1 1011 -1 1165 -1 245 -1 71 -1 8 -1 1378 -1 18 -1 11 -1 92 -1 71 -1 332 -1 2545 -1 92 -1 71 -1 8 -1 4874 -1 18 -1 8 -1 1913 -1 2273 -1 -2
229 -1 26 -1 75 -1 1272 -1 71 -1 993 -1 307 -1 71 -1 1273 -1 591 -1 690 -1 20 -1 8 -1 692 -1 14 -1 537 -1 18 -1 8 -1 636 -1 1103 -1 211 -1 307 -1 1088 -1 14 -1 71 -1 1274 -1 318 -1 21 -1 74 -1 641 -1 3 -1 605 -1 20 -1 71 -1 32 -1 263 -1 230 -1 14 -1 25 -1 3 -1 962 -1 18 -1 604 -1 25 -1 199 -1 348 -1 231 -1 290 -1 1275 -1 20 -1 265 -1 810 -1 634 -1 537 -1 103 -1 97 -1 52 -1 25 -1 1276 -1 20 -1 33 -1 1277 -1 92 -1 1278 -1 592 -1 896 -1 18 -1 -2
388 -1 1035 -1 980 -1 3264 -1 8 -1 123 -1 18 -1 224 -1 19 -1 248 -1 225 -1 20 -1 172 -1 1214 -1 3046 -1 969 -1 71 -1 3249 -1 969 -1 71 -1 2912 -1 3606 -1 969 -1 71 -1 6006 -1 969 -1 71 -1 2309 -1 932 -1 3 -1 877 -1 2810 -1 14 -1 4602 -1 969 -1 25 -1 199 -1 20 -1 71 -1 314 -1 21 -1 227 -1 65 -1 8 -1 2110 -1 18 -1 347 -1 2072 -1 224 -1 71 -1 225 -1 -2
96 -1 731 -1 17 -1 715 -1 811 -1 436 -1 40 -1 2140 -1 2070 -1 2141 -1 2142 -1 852 -1 8 -1 1110 -1 18 -1 186 -1 267 -1 52 -1 14 -1 17 -1 632 -1 1488 -1 90 -1 2143 -1 -2
229 -1 1959 -1 51 -1 63 -1 103 -1 24 -1 52 -1 306 -1 96 -1 51 -1 140 -1 63 -1 1520 -1 169 -1 39 -1 27 -1 29 -1 51 -1 125 -1 52 -1 140 -1 579 -1 219 -1 147 -1 1520 -1 169 -1 92 -1 52 -1 -2
907 -1 265 -1 290 -1 40 -1 192 -1 265 -1 4008 -1 8 -1 878 -1 18 -1 26 -1 7122 -1 29 -1 4535 -1 17 -1 8 -1 1025 -1 14 -1 18 -1 54 -1 8 -1 3987 -1 29 -1 124 -1 5051 -1 21 -1 92 -1 124 -1 3 -1 1422 -1 1280 -1 5712 -1 292 -1 30 -1 -2
1 -1 1 -1 1 -1 191 -1 29 -1 8 -1 333 -1 5950 -1 3 -1 1913 -1 187 -1 316 -1 1776 -1 1913 -1 4194 -1 17 -1 52 -1 71 -1 290 -1 2685 -1 3 -1 8 -1 731 -1 18 -1 114 -1 39 -1 18 -1 40 -1 6207 -1 831 -1 436 -1 8 -1 1822 -1 103 -1 96 -1 40 -1 19 -1 17 -1 876 -1 918 -1 162 -1 71 -1 290 -1 3804 -1 3 -1 1913 -1 187 -1 71 -1 290 -1 40 -1 5951 -1 18 -1 8 -1 2672 -1 -2
36 -1 357 -1 4643 -1 71 -1 1263 -1 31 -1 212 -1 591 -1 290 -1 1421 -1 101 -1 1263 -1 14 -1 148 -1 31 -1 290 -1 2227 -1 8 -1 2672 -1 18 -1 174 -1 -2
1 -1 1 -1 1 -1 1327 -1 1285 -1 1490 -1 17 -1 292 -1 8 -1 8763 -1 18 -1 8 -1 934 -1 3401 -1 38 -1 6067 -1 154 -1 14 -1 8 -1 1035 -1 154 -1 -2
103 -1 245 -1 224 -1 92 -1 591 -1 92 -1 54 -1 343 -1 63 -1 8 -1 188 -1 186 -1 96 -1 175 -1 63 -1 784 -1 71 -1 290 -1 4760 -1 4402 -1 -2
1 -1 1 -1 1 -1 310 -1 265 -1 29 -1 4631 -1 26 -1 707 -1 17 -1 90 -1 188 -1 14 -1 505 -1 71 -1 63 -1 188 -1 186 -1 14 -1 117 -1 224 -1 1192 -1 122 -1 567 -1 -2
6480 -1 206 -1 5915 -1 1069 -1 467 -1 29 -1 2946 -1 779 -1 40 -1 186 -1 71 -1 4141 -1 227 -1 1616 -1 14 -1 1188 -1 206 -1 467 -1 29 -1 2189 -1 227 -1 1477 -1 14 -1 275 -1 227 -1 187 -1 -2
36 -1 234 -1 219 -1 160 -1 8 -1 2300 -1 4488 -1 18 -1 8 -1 870 -1 617 -1 160 -1 30 -1 8 -1 188 -1 4620 -1 14 -1 25 -1 197 -1 235 -1 290 -1 988 -1 188 -1 4555 -1 92 -1 988 -1 4766 -1 612 -1 8 -1 126 -1 870 -1 96 -1 602 -1 3725 -1 299 -1 227 -1 1263 -1 -2
36 -1 1894 -1 4644 -1 51 -1 124 -1 71 -1 756 -1 8 -1 210 -1 29 -1 63 -1 395 -1 103 -1 29 -1 400 -1 1320 -1 71 -1 154 -1 44 -1 45 -1 63 -1 2756 -1 40 -1 1090 -1 71 -1 6836 -1 14 -1 1641 -1 8 -1 1641 -1 8 -1 2483 -1 18 -1 1025 -1 2448 -1 922 -1 63 -1 810 -1 212 -1 74 -1 1090 -1 759 -1 591 -1 592 -1 395 -1 2406 -1 18 -1 318 -1 101 -1 227 -1 319 -1 899 -1 -2
229 -1 293 -1 1599 -1 75 -1 2368 -1 71 -1 5677 -1 8 -1 2658 -1 71 -1 1039 -1 71 -1 14 -1 71 -1 8006 -1 8 -1 862 -1 71 -1 651 -1 8 -1 2483 -1 18 -1 122 -1 2580 -1 14 -1 52 -1 71 -1 5031 -1 21 -1 7278 -1 212 -1 52 -1 20 -1 122 -1 7807 -1 4489 -1 1045 -1 8 -1 648 -1 18 -1 932 -1 -2
310 -1 51 -1 479 -1 5120 -1 3 -1 692 -1 21 -1 54 -1 989 -1 18 -1 870 -1 29 -1 74 -1 206 -1 20 -1 1186 -1 470 -1 39 -1 227 -1 1957 -1 14 -1 3244 -1 124 -1 3239 -1 71 -1 846 -1 347 -1 765 -1 919 -1 101 -1 71 -1 2027 -1 58 -1 71 -1 1474 -1 30 -1 2703 -1 227 -1 899 -1 20 -1 30 -1 160 -1 3 -1 9031 -1 9032 -1 2445 -1 3 -1 33 -1 683 -1 14 -1 746 -1 2672 -1 -2
310 -1 97 -1 107 -1 21 -1 8 -1 2757 -1 18 -1 318 -1 29 -1 32 -1 30 -1 290 -1 4628 -1 80 -1 17 -1 30 -1 21 -1 135 -1 319 -1 174 -1 52 -1 306 -1 567 -1 71 -1 3939 -1 154 -1 3 -1 3830 -1 153 -1 39 -1 27 -1 510 -1 8 -1 857 -1 14 -1 259 -1 18 -1 206 -1 30 -1 12 -1 21 -1 30 -1 292 -1 8 -1 401 -1 2874 -1 22 -1 3506 -1 18 -1 40 -1 102 -1 5248 -1 3 -1 5249 -1 4682 -1 -2
20 -1 27 -1 8 -1 731 -1 18 -1 2992 -1 7204 -1 9258 -1 568 -1 8 -1 7885 -1 18 -1 8 -1 2998 -1 21 -1 3358 -1 20 -1 214 -1 40 -1 493 -1 102 -1 71 -1 54 -1 206 -1 71 -1 704 -1 45 -1 89 -1 2391 -1 71 -1 290 -1 2304 -1 21 -1 347 -1 2655 -1 29 -1 17 -1 811 -1 21 -1 9259 -1 14 -1 71 -1 40 -1 89 -1 780 -1 -2
1 -1 1 -1 1 -1 310 -1 1416 -1 199 -1 274 -1 5025 -1 2212 -1 8 -1 2483 -1 18 -1 11 -1 14 -1 3727 -1 7273 -1 -2
682 -1 214 -1 293 -1 2015 -1 21 -1 7227 -1 14 -1 8 -1 187 -1 18 -1 3511 -1 4766 -1 214 -1 52 -1 71 -1 290 -1 1320 -1 350 -1 1045 -1 8 -1 648 -1 18 -1 932 -1 103 -1 29 -1 17 -1 4866 -1 7345 -1 3 -1 5061 -1 -2
25 -1 29 -1 265 -1 1232 -1 12 -1 3 -1 692 -1 92 -1 146 -1 8 -1 860 -1 14 -1 2264 -1 2265 -1 18 -1 1155 -1 2266 -1 1142 -1 263 -1 14 -1 17 -1 1205 -1 266 -1 265 -1 147 -1 71 -1 211 -1 8 -1 1142 -1 1334 -1 142 -1 922 -1 -2
39 -1 74 -1 75 -1 21 -1 8 -1 604 -1 18 -1 3170 -1 14 -1 122 -1 3798 -1 8 -1 4942 -1 18 -1 2345 -1 71 -1 227 -1 3818 -1 20 -1 8271 -1 8272 -1 1769 -1 7775 -1 8 -1 150 -1 18 -1 8269 -1 14 -1 8270 -1 1825 -1 8 -1 8312 -1 29 -1 30 -1 75 -1 2931 -1 227 -1 1867 -1 21 -1 29 -1 8 -1 8243 -1 18 -1 209 -1 696 -1 3 -1 8 -1 2096 -1 18 -1 227 -1 8245 -1 14 -1 3438 -1 18 -1 8313 -1 2775 -1 8314 -1 160 -1 5763 -1 21 -1 8315 -1 14 -1 160 -1 8316 -1 21 -1 227 -1 8317 -1 14 -1 8318 -1 -2
1364 -1 5667 -1 169 -1 579 -1 219 -1 290 -1 18 -1 11 -1 92 -1 52 -1 -2
39 -1 266 -1 8 -1 870 -1 160 -1 596 -1 842 -1 3 -1 209 -1 3540 -1 206 -1 197 -1 75 -1 212 -1 2894 -1 5320 -1 71 -1 290 -1 5127 -1 29 -1 347 -1 19 -1 487 -1 3395 -1 -2
1 -1 1 -1 1 -1 388 -1 2819 -1 18 -1 349 -1 124 -1 74 -1 205 -1 20 -1 2820 -1 8 -1 2821 -1 18 -1 1155 -1 18 -1 224 -1 1444 -1 71 -1 225 -1 14 -1 124 -1 377 -1 90 -1 205 -1 18 -1 508 -1 44 -1 8 -1 989 -1 124 -1 22 -1 1479 -1 71 -1 8 -1 384 -1 18 -1 8 -1 178 -1 14 -1 50 -1 290 -1 1217 -1 21 -1 74 -1 641 -1 20 -1 175 -1 63 -1 1217 -1 318 -1 21 -1 8 -1 2822 -1 980 -1 -2
92 -1 234 -1 33 -1 5521 -1 265 -1 17 -1 21 -1 54 -1 24 -1 52 -1 5051 -1 21 -1 122 -1 405 -1 5820 -1 71 -1 216 -1 103 -1 1189 -1 29 -1 96 -1 146 -1 3676 -1 71 -1 290 -1 84 -1 4687 -1 71 -1 122 -1 4766 -1 1626 -1 14 -1 25 -1 18 -1 54 -1 23 -1 4720 -1 18 -1 8 -1 107 -1 1913 -1 14 -1 1673 -1 -2
1364 -1 1232 -1 8497 -1 169 -1 52 -1 71 -1 846 -1 117 -1 2581 -1 39 -1 71 -1 1978 -1 8 -1 847 -1 579 -1 219 -1 124 -1 18 -1 11 -1 436 -1 22 -1 877 -1 2659 -1 124 -1 2741 -1 586 -1 262 -1 8 -1 16 -1 -2
1389 -1 8 -1 72 -1 4673 -1 30 -1 487 -1 52 -1 290 -1 436 -1 227 -1 2360 -1 160 -1 617 -1 212 -1 145 -1 -2
14 -1 284 -1 124 -1 2043 -1 18 -1 8 -1 393 -1 18 -1 307 -1 29 -1 2051 -1 21 -1 209 -1 1155 -1 14 -1 124 -1 942 -1 90 -1 2052 -1 -2
36 -1 265 -1 1769 -1 197 -1 124 -1 1402 -1 29 -1 1708 -1 2810 -1 21 -1 1244 -1 8 -1 2589 -1 14 -1 8 -1 608 -1 14 -1 8 -1 1933 -1 14 -1 284 -1 1402 -1 2983 -1 21 -1 224 -1 -2
6723 -1 14 -1 2283 -1 124 -1 2304 -1 181 -1 3 -1 934 -1 14 -1 312 -1 -2
229 -1 8 -1 1577 -1 18 -1 209 -1 934 -1 17 -1 1142 -1 230 -1 3 -1 8 -1 276 -1 414 -1 492 -1 266 -1 8 -1 1244 -1 75 -1 3122 -1 299 -1 7088 -1 20 -1 21 -1 8 -1 43 -1 11 -1 7090 -1 71 -1 5380 -1 318 -1 14 -1 976 -1 71 -1 313 -1 8 -1 2743 -1 4152 -1 1990 -1 8 -1 276 -1 934 -1 175 -1 147 -1 1561 -1 351 -1 2589 -1 272 -1 8 -1 1244 -1 14 -1 8 -1 7088 -1 274 -1 290 -1 5626 -1 -2
502 -1 29 -1 103 -1 40 -1 19 -1 29 -1 17 -1 4646 -1 18 -1 469 -1 3079 -1 265 -1 12 -1 21 -1 224 -1 8 -1 107 -1 3 -1 2874 -1 18 -1 8 -1 870 -1 4642 -1 14 -1 21 -1 225 -1 3 -1 3243 -1 29 -1 17 -1 3 -1 8 -1 3494 -1 18 -1 409 -1 129 -1 71 -1 1482 -1 154 -1 92 -1 4057 -1 71 -1 1702 -1 18 -1 224 -1 342 -1 591 -1 101 -1 18 -1 8 -1 23 -1 292 -1 8 -1 2782 -1 18 -1 3243 -1 20 -1 214 -1 40 -1 3164 -1 342 -1 17 -1 33 -1 831 -1 18 -1 857 -1 18 -1 8 -1 184 -1 18 -1 107 -1 -2
1 -1 1 -1 1 -1 172 -1 63 -1 1135 -1 591 -1 1520 -1 71 -1 40 -1 19 -1 101 -1 265 -1 31 -1 92 -1 17 -1 2225 -1 71 -1 3303 -1 3247 -1 8 -1 3304 -1 71 -1 1971 -1 8 -1 3305 -1 -2
315 -1 21 -1 227 -1 319 -1 2210 -1 14 -1 2211 -1 90 -1 14 -1 2211 -1 90 -1 3633 -1 92 -1 3634 -1 -2
310 -1 21 -1 8 -1 2261 -1 18 -1 732 -1 2290 -1 30 -1 290 -1 2291 -1 197 -1 17 -1 33 -1 787 -1 103 -1 29 -1 604 -1 -2
2509 -1 17 -1 27 -1 2227 -1 2672 -1 71 -1 53 -1 29 -1 212 -1 213 -1 274 -1 290 -1 1801 -1 2227 -1 40 -1 1138 -1 18 -1 2672 -1 -2
36 -1 74 -1 17 -1 8 -1 174 -1 18 -1 206 -1 29 -1 3880 -1 219 -1 50 -1 1969 -1 22 -1 922 -1 71 -1 290 -1 591 -1 2980 -1 92 -1 591 -1 2979 -1 92 -1 591 -1 1188 -1 80 -1 219 -1 147 -1 1069 -1 846 -1 197 -1 290 -1 22 -1 25 -1 215 -1 20 -1 58 -1 103 -1 219 -1 479 -1 227 -1 319 -1 1162 -1 161 -1 403 -1 14 -1 23 -1 311 -1 161 -1 40 -1 495 -1 -2
14 -1 234 -1 29 -1 160 -1 52 -1 1019 -1 340 -1 818 -1 307 -1 186 -1 71 -1 903 -1 227 -1 7088 -1 262 -1 1933 -1 -2
1389 -1 96 -1 17 -1 71 -1 290 -1 230 -1 29 -1 492 -1 30 -1 17 -1 505 -1 197 -1 75 -1 212 -1 2992 -1 17 -1 241 -1 197 -1 75 -1 212 -1 188 -1 186 -1 21 -1 3778 -1 -2
1 -1 1 -1 1 -1 1215 -1 265 -1 29 -1 17 -1 52 -1 2368 -1 71 -1 6836 -1 26 -1 4010 -1 7122 -1 39 -1 802 -1 30 -1 272 -1 307 -1 18 -1 122 -1 1673 -1 187 -1 97 -1 265 -1 290 -1 40 -1 2810 -1 14 -1 1158 -1 40 -1 8046 -1 245 -1 8052 -1 18 -1 1025 -1 92 -1 8053 -1 18 -1 122 -1 3814 -1 5072 -1 92 -1 227 -1 5193 -1 80 -1 17 -1 265 -1 52 -1 1357 -1 71 -1 5119 -1 154 -1 103 -1 29 -1 400 -1 436 -1 214 -1 52 -1 90 -1 2693 -1 30 -1 17 -1 52 -1 2406 -1 161 -1 122 -1 1356 -1 759 -1 918 -1 265 -1 71 -1 5846 -1 234 -1 265 -1 8054 -1 8 -1 113 -1 265 -1 5225 -1 292 -1 209 -1 29 -1 335 -1 163 -1 307 -1 381 -1 86 -1 -2
1 -1 1 -1 1 -1 172 -1 284 -1 9064 -1 27 -1 4395 -1 8 -1 4655 -1 18 -1 3379 -1 9065 -1 14 -1 9066 -1 685 -1 8 -1 728 -1 18 -1 8 -1 2365 -1 181 -1 545 -1 8 -1 629 -1 14 -1 2657 -1 -2
1389 -1 96 -1 1042 -1 30 -1 12 -1 323 -1 71 -1 753 -1 29 -1 292 -1 8 -1 1866 -1 1568 -1 18 -1 440 -1 206 -1 63 -1 88 -1 21 -1 8 -1 16 -1 1866 -1 989 -1 18 -1 2365 -1 -2
1454 -1 617 -1 293 -1 1599 -1 14 -1 122 -1 3814 -1 354 -1 52 -1 746 -1 145 -1 71 -1 3283 -1 169 -1 21 -1 26 -1 16 -1 39 -1 746 -1 357 -1 71 -1 2720 -1 169 -1 103 -1 8 -1 965 -1 8 -1 205 -1 18 -1 8 -1 6887 -1 2687 -1 96 -1 2820 -1 29 -1 357 -1 6937 -1 917 -1 71 -1 318 -1 75 -1 4011 -1 3 -1 318 -1 29 -1 11 -1 810 -1 811 -1 186 -1 71 -1 381 -1 1244 -1 71 -1 290 -1 3579 -1 160 -1 52 -1 4094 -1 6381 -1 29 -1 17 -1 145 -1 39 -1 306 -1 332 -1 14 -1 4415 -1 3349 -1 103 -1 8 -1 2389 -1 18 -1 7802 -1 21 -1 8 -1 543 -1 71 -1 3825 -1 96 -1 117 -1 19 -1 231 -1 216 -1 14 -1 1575 -1 161 -1 122 -1 319 -1 4506 -1 316 -1 3762 -1 -2
1 -1 1 -1 1 -1 1559 -1 24 -1 1532 -1 8 -1 514 -1 29 -1 3151 -1 3401 -1 3406 -1 3401 -1 3270 -1 92 -1 8 -1 7727 -1 29 -1 335 -1 4903 -1 4049 -1 52 -1 8 -1 357 -1 18 -1 40 -1 1035 -1 14 -1 6067 -1 154 -1 21 -1 8 -1 418 -1 14 -1 102 -1 391 -1 18 -1 8 -1 1378 -1 154 -1 -2
310 -1 266 -1 197 -1 17 -1 212 -1 74 -1 1419 -1 265 -1 29 -1 12 -1 84 -1 692 -1 21 -1 29 -1 129 -1 356 -1 18 -1 136 -1 592 -1 2355 -1 8 -1 1142 -1 932 -1 14 -1 17 -1 8 -1 1142 -1 5530 -1 -2
229 -1 3 -1 8 -1 2672 -1 18 -1 174 -1 96 -1 17 -1 40 -1 1829 -1 8516 -1 18 -1 905 -1 14 -1 1347 -1 101 -1 8 -1 1378 -1 18 -1 347 -1 1529 -1 29 -1 17 -1 39 -1 40 -1 19 -1 8 -1 152 -1 188 -1 21 -1 117 -1 193 -1 17 -1 8 -1 3002 -1 8 -1 6022 -1 8 -1 6115 -1 14 -1 8 -1 642 -1 292 -1 96 -1 54 -1 3843 -1 17 -1 399 -1 -2
388 -1 2658 -1 29 -1 2707 -1 293 -1 1599 -1 8 -1 1032 -1 104 -1 3686 -1 8 -1 4980 -1 29 -1 810 -1 6183 -1 22 -1 1845 -1 1103 -1 290 -1 21 -1 8 -1 7183 -1 4284 -1 52 -1 64 -1 160 -1 8 -1 1155 -1 18 -1 38 -1 3401 -1 -2
229 -1 219 -1 29 -1 9221 -1 71 -1 146 -1 18 -1 1212 -1 174 -1 292 -1 284 -1 1447 -1 18 -1 1214 -1 9222 -1 227 -1 532 -1 21 -1 8 -1 401 -1 162 -1 2142 -1 584 -1 292 -1 224 -1 4775 -1 262 -1 225 -1 316 -1 787 -1 14 -1 316 -1 1431 -1 21 -1 8 -1 126 -1 641 -1 20 -1 266 -1 40 -1 19 -1 1509 -1 18 -1 8 -1 3501 -1 18 -1 3837 -1 534 -1 262 -1 8 -1 1974 -1 18 -1 40 -1 98 -1 707 -1 101 -1 265 -1 17 -1 243 -1 71 -1 539 -1 71 -1 14 -1 7525 -1 161 -1 122 -1 4385 -1 71 -1 1972 -1 263 -1 292 -1 2628 -1 9223 -1 1319 -1 122 -1 9224 -1 71 -1 4524 -1 122 -1 9224 -1 9223 -1 584 -1 122 -1 8965 -1 14 -1 299 -1 224 -1 6281 -1 568 -1 225 -1 9225 -1 122 -1 9226 -1 14 -1 9227 -1 -2
5062 -1 4274 -1 5111 -1 21 -1 29 -1 265 -1 1990 -1 8 -1 1378 -1 96 -1 8 -1 3689 -1 3690 -1 243 -1 161 -1 122 -1 1090 -1 103 -1 265 -1 8237 -1 263 -1 2456 -1 8238 -1 6596 -1 142 -1 8 -1 4018 -1 18 -1 11 -1 2746 -1 71 -1 8 -1 934 -1 18 -1 8 -1 3689 -1 3690 -1 8236 -1 1017 -1 7331 -1 14 -1 5055 -1 271 -1 -2
103 -1 21 -1 8 -1 1447 -1 96 -1 51 -1 211 -1 71 -1 11 -1 51 -1 124 -1 52 -1 71 -1 176 -1 8 -1 1221 -1 18 -1 6759 -1 558 -1 39 -1 8 -1 1221 -1 18 -1 6760 -1 2757 -1 71 -1 125 -1 1210 -1 8 -1 860 -1 1214 -1 51 -1 124 -1 1205 -1 -2
1 -1 907 -1 347 -1 19 -1 274 -1 53 -1 142 -1 542 -1 8421 -1 1381 -1 17 -1 1025 -1 92 -1 197 -1 846 -1 30 -1 52 -1 103 -1 197 -1 274 -1 859 -1 877 -1 6832 -1 14 -1 877 -1 2659 -1 14 -1 274 -1 7776 -1 89 -1 941 -1 14 -1 6833 -1 271 -1 -2
229 -1 103 -1 1638 -1 219 -1 124 -1 21 -1 26 -1 322 -1 2416 -1 2447 -1 -2
1 -1 1 -1 1 -1 388 -1 641 -1 183 -1 548 -1 1360 -1 71 -1 8 -1 1089 -1 18 -1 8 -1 1280 -1 18 -1 1062 -1 14 -1 1064 -1 441 -1 21 -1 8 -1 1361 -1 18 -1 690 -1 14 -1 8 -1 741 -1 18 -1 318 -1 -2
310 -1 436 -1 219 -1 124 -1 103 -1 8 -1 84 -1 47 -1 1135 -1 103 -1 40 -1 1221 -1 18 -1 1212 -1 1564 -1 21 -1 74 -1 277 -1 20 -1 316 -1 318 -1 206 -1 124 -1 1318 -1 71 -1 893 -1 2822 -1 227 -1 1673 -1 102 -1 1547 -1 64 -1 340 -1 12 -1 4011 -1 14 -1 64 -1 52 -1 219 -1 124 -1 377 -1 21 -1 3689 -1 1270 -1 90 -1 941 -1 21 -1 8 -1 126 -1 391 -1 20 -1 219 -1 124 -1 90 -1 3 -1 8 -1 624 -1 3660 -1 14 -1 3659 -1 292 -1 6840 -1 14 -1 7501 -1 29 -1 96 -1 8 -1 2587 -1 17 -1 1825 -1 71 -1 1561 -1 71 -1 753 -1 -2
1 -1 1 -1 1 -1 310 -1 71 -1 3249 -1 299 -1 6175 -1 98 -1 101 -1 1991 -1 71 -1 3249 -1 -2
388 -1 6304 -1 266 -1 219 -1 124 -1 2080 -1 299 -1 347 -1 152 -1 247 -1 32 -1 27 -1 227 -1 9374 -1 29 -1 17 -1 841 -1 7544 -1 2376 -1 71 -1 9378 -1 227 -1 3174 -1 3 -1 3813 -1 150 -1 92 -1 224 -1 3003 -1 7544 -1 299 -1 3498 -1 71 -1 9378 -1 225 -1 -2
1 -1 1 -1 1 -1 310 -1 103 -1 8 -1 2822 -1 934 -1 175 -1 147 -1 211 -1 4105 -1 8 -1 8073 -1 18 -1 3268 -1 271 -1 -2
379 -1 2949 -1 18 -1 3153 -1 3154 -1 14 -1 3155 -1 1502 -1 262 -1 8 -1 3169 -1 1825 -1 8 -1 604 -1 18 -1 3170 -1 8 -1 3171 -1 292 -1 8 -1 2511 -1 18 -1 8 -1 3093 -1 3172 -1 -2
229 -1 8 -1 905 -1 18 -1 174 -1 29 -1 17 -1 8 -1 102 -1 2221 -1 18 -1 19 -1 50 -1 3 -1 8 -1 152 -1 2672 -1 290 -1 5787 -1 14 -1 1956 -1 -2
310 -1 1416 -1 199 -1 21 -1 8410 -1 18 -1 122 -1 162 -1 2784 -1 580 -1 265 -1 235 -1 1896 -1 5061 -1 -2
20 -1 266 -1 206 -1 292 -1 836 -1 1050 -1 183 -1 21 -1 54 -1 761 -1 14 -1 21 -1 54 -1 2608 -1 2490 -1 312 -1 63 -1 395 -1 6034 -1 3 -1 8 -1 1204 -1 14 -1 6035 -1 18 -1 209 -1 1232 -1 63 -1 4242 -1 318 -1 14 -1 29 -1 1983 -1 206 -1 4210 -1 510 -1 8 -1 6036 -1 145 -1 18 -1 227 -1 1387 -1 8 -1 666 -1 2612 -1 14 -1 209 -1 29 -1 63 -1 3796 -1 21 -1 227 -1 6037 -1 63 -1 395 -1 2927 -1 8 -1 306 -1 4189 -1 63 -1 3869 -1 712 -1 103 -1 1812 -1 14 -1 273 -1 18 -1 227 -1 1547 -1 29 -1 1632 -1 17 -1 39 -1 40 -1 2143 -1 1378 -1 -2
407 -1 103 -1 270 -1 18 -1 7091 -1 219 -1 7515 -1 52 -1 80 -1 2952 -1 307 -1 -2
14 -1 30 -1 17 -1 71 -1 212 -1 881 -1 553 -1 30 -1 290 -1 3 -1 543 -1 18 -1 4218 -1 14 -1 3 -1 1117 -1 18 -1 8 -1 193 -1 71 -1 32 -1 2479 -1 494 -1 92 -1 758 -1 2818 -1 71 -1 1482 -1 153 -1 -2
310 -1 266 -1 265 -1 810 -1 1135 -1 284 -1 3773 -1 685 -1 8 -1 870 -1 30 -1 17 -1 505 -1 29 -1 219 -1 3692 -1 307 -1 -2
388 -1 3972 -1 18 -1 905 -1 14 -1 1347 -1 1632 -1 14 -1 3762 -1 63 -1 197 -1 212 -1 414 -1 -2
3976 -1 632 -1 29 -1 17 -1 71 -1 53 -1 3906 -1 18 -1 3734 -1 17 -1 40 -1 1419 -1 18 -1 146 -1 3 -1 96 -1 51 -1 124 -1 3694 -1 71 -1 125 -1 467 -1 4000 -1 71 -1 293 -1 38 -1 14 -1 1158 -1 40 -1 2672 -1 18 -1 174 -1 -2
310 -1 632 -1 20 -1 4917 -1 20 -1 265 -1 810 -1 5089 -1 18 -1 30 -1 11 -1 5902 -1 307 -1 586 -1 18 -1 7577 -1 5030 -1 265 -1 1103 -1 1320 -1 519 -1 122 -1 403 -1 14 -1 216 -1 27 -1 18 -1 8 -1 1365 -1 18 -1 38 -1 14 -1 1181 -1 3232 -1 -2
36 -1 20 -1 11 -1 266 -1 340 -1 1024 -1 8 -1 4530 -1 262 -1 8 -1 5571 -1 18 -1 5572 -1 858 -1 52 -1 3309 -1 318 -1 2355 -1 3 -1 6202 -1 54 -1 8 -1 3079 -1 1589 -1 1825 -1 318 -1 39 -1 354 -1 22 -1 18 -1 318 -1 20 -1 7271 -1 21 -1 227 -1 1408 -1 71 -1 8942 -1 292 -1 604 -1 71 -1 604 -1 227 -1 7447 -1 14 -1 1187 -1 -2
1 -1 1 -1 1 -1 388 -1 6765 -1 810 -1 27 -1 227 -1 9075 -1 9076 -1 29 -1 17 -1 71 -1 53 -1 890 -1 608 -1 -2
1 -1 1 -1 1 -1 310 -1 852 -1 40 -1 19 -1 31 -1 440 -1 3595 -1 265 -1 335 -1 821 -1 935 -1 779 -1 40 -1 1399 -1 586 -1 18 -1 8 -1 158 -1 18 -1 469 -1 636 -1 20 -1 8 -1 3456 -1 32 -1 227 -1 8982 -1 8983 -1 14 -1 23 -1 3596 -1 335 -1 517 -1 -2
20 -1 219 -1 29 -1 1682 -1 40 -1 1673 -1 868 -1 390 -1 30 -1 868 -1 39 -1 219 -1 29 -1 3354 -1 30 -1 3355 -1 -2
310 -1 25 -1 160 -1 8 -1 3192 -1 104 -1 186 -1 75 -1 3 -1 5585 -1 6307 -1 71 -1 63 -1 227 -1 1193 -1 21 -1 4037 -1 8 -1 962 -1 292 -1 122 -1 6308 -1 4940 -1 71 -1 263 -1 1185 -1 71 -1 40 -1 252 -1 1583 -1 299 -1 8 -1 188 -1 186 -1 4050 -1 21 -1 227 -1 1303 -1 2227 -1 1022 -1 1364 -1 3 -1 8 -1 1603 -1 -2
36 -1 8 -1 174 -1 18 -1 186 -1 17 -1 21 -1 26 -1 898 -1 276 -1 71 -1 2891 -1 2892 -1 20 -1 30 -1 738 -1 92 -1 276 -1 8 -1 41 -1 18 -1 583 -1 478 -1 96 -1 8 -1 81 -1 219 -1 1799 -1 32 -1 500 -1 8 -1 591 -1 2893 -1 -2
2405 -1 30 -1 530 -1 470 -1 71 -1 8 -1 186 -1 18 -1 347 -1 7832 -1 553 -1 265 -1 63 -1 8 -1 152 -1 107 -1 64 -1 356 -1 18 -1 2913 -1 17 -1 8 -1 1142 -1 436 -1 227 -1 1090 -1 17 -1 52 -1 71 -1 341 -1 206 -1 3 -1 1564 -1 39 -1 71 -1 256 -1 318 -1 14 -1 5677 -1 318 -1 3 -1 2348 -1 14 -1 1535 -1 30 -1 71 -1 318 -1 71 -1 176 -1 579 -1 219 -1 274 -1 7276 -1 92 -1 6341 -1 8 -1 357 -1 885 -1 -2
1198 -1 71 -1 290 -1 40 -1 73 -1 71 -1 2602 -1 71 -1 290 -1 1944 -1 71 -1 1181 -1 71 -1 479 -1 14 -1 8 -1 276 -1 9195 -1 27 -1 9196 -1 850 -1 1944 -1 38 -1 665 -1 14 -1 8 -1 276 -1 29 -1 686 -1 185 -1 8 -1 126 -1 124 -1 8 -1 690 -1 18 -1 470 -1 20 -1 175 -1 63 -1 404 -1 591 -1 9197 -1 2237 -1 -2
1363 -1 75 -1 811 -1 71 -1 8 -1 3826 -1 80 -1 37 -1 197 -1 17 -1 21 -1 8 -1 1270 -1 212 -1 1788 -1 71 -1 347 -1 19 -1 71 -1 8138 -1 307 -1 266 -1 122 -1 5109 -1 124 -1 1165 -1 71 -1 209 -1 18 -1 122 -1 1792 -1 188 -1 -2
1 -1 1 -1 1 -1 388 -1 787 -1 617 -1 18 -1 284 -1 478 -1 18 -1 5355 -1 214 -1 52 -1 40 -1 930 -1 1861 -1 71 -1 8 -1 72 -1 73 -1 96 -1 63 -1 21 -1 26 -1 322 -1 212 -1 930 -1 5296 -1 39 -1 64 -1 17 -1 5387 -1 586 -1 18 -1 8 -1 129 -1 5388 -1 103 -1 3936 -1 2957 -1 5389 -1 14 -1 5390 -1 18 -1 5391 -1 39 -1 8 -1 129 -1 3917 -1 18 -1 117 -1 5392 -1 30 -1 17 -1 146 -1 29 -1 117 -1 224 -1 290 -1 2774 -1 299 -1 8 -1 2153 -1 18 -1 122 -1 319 -1 29 -1 17 -1 29 -1 117 -1 224 -1 290 -1 18 -1 8 -1 4620 -1 29 -1 274 -1 63 -1 8 -1 186 -1 71 -1 1117 -1 8 -1 126 -1 14 -1 290 -1 2774 -1 299 -1 227 -1 1537 -1 -2
6269 -1 632 -1 2353 -1 8293 -1 160 -1 1703 -1 3 -1 8 -1 152 -1 188 -1 -2
36 -1 209 -1 2766 -1 124 -1 25 -1 22 -1 2210 -1 18 -1 3364 -1 811 -1 3 -1 8 -1 188 -1 263 -1 -2
310 -1 266 -1 219 -1 160 -1 90 -1 519 -1 3 -1 1792 -1 187 -1 30 -1 75 -1 7805 -1 7813 -1 40 -1 1792 -1 2353 -1 7814 -1 7815 -1 -2
1 -1 1 -1 1 -1 581 -1 582 -1 30 -1 17 -1 29 -1 21 -1 54 -1 4583 -1 492 -1 8 -1 8394 -1 7273 -1 186 -1 17 -1 6911 -1 2756 -1 2658 -1 8723 -1 14 -1 862 -1 124 -1 21 -1 8 -1 1014 -1 2353 -1 8724 -1 21 -1 227 -1 861 -1 20 -1 1835 -1 519 -1 20 -1 21 -1 8 -1 646 -1 14 -1 3922 -1 179 -1 219 -1 1879 -1 52 -1 2227 -1 8 -1 152 -1 186 -1 -2
1 -1 1 -1 1 -1 6861 -1 71 -1 26 -1 2606 -1 4222 -1 8 -1 3814 -1 14 -1 8249 -1 14 -1 8 -1 8368 -1 435 -1 4035 -1 1356 -1 381 -1 318 -1 138 -1 219 -1 507 -1 3818 -1 14 -1 1245 -1 3552 -1 103 -1 318 -1 29 -1 219 -1 231 -1 651 -1 8 -1 3689 -1 3690 -1 14 -1 29 -1 52 -1 306 -1 596 -1 39 -1 315 -1 1156 -1 266 -1 40 -1 746 -1 1088 -1 75 -1 699 -1 -2
229 -1 8 -1 174 -1 18 -1 206 -1 214 -1 20 -1 30 -1 17 -1 8 -1 3372 -1 519 -1 18 -1 1913 -1 4152 -1 92 -1 18 -1 347 -1 494 -1 3387 -1 103 -1 8 -1 193 -1 17 -1 21 -1 2143 -1 14 -1 4204 -1 71 -1 8 -1 5294 -1 18 -1 2913 -1 71 -1 8 -1 1508 -1 18 -1 1590 -1 174 -1 14 -1 153 -1 20 -1 4917 -1 20 -1 557 -1 8 -1 188 -1 186 -1 4166 -1 262 -1 8 -1 1356 -1 18 -1 40 -1 4646 -1 92 -1 18 -1 33 -1 4620 -1 29 -1 124 -1 245 -1 328 -1 4429 -1 18 -1 1526 -1 92 -1 328 -1 5592 -1 21 -1 2498 -1 8 -1 1913 -1 5296 -1 262 -1 614 -1 92 -1 5593 -1 153 -1 -2
310 -1 632 -1 25 -1 614 -1 20 -1 40 -1 19 -1 17 -1 21 -1 8 -1 1508 -1 18 -1 1590 -1 174 -1 96 -1 17 -1 40 -1 1508 -1 18 -1 153 -1 1673 -1 587 -1 17 -1 8 -1 566 -1 18 -1 332 -1 14 -1 333 -1 -2
36 -1 20 -1 265 -1 29 -1 17 -1 25 -1 6370 -1 592 -1 40 -1 667 -1 6175 -1 18 -1 1073 -1 14 -1 80 -1 6371 -1 608 -1 14 -1 17 -1 21 -1 74 -1 33 -1 3276 -1 20 -1 234 -1 8 -1 6324 -1 6372 -1 71 -1 6373 -1 307 -1 262 -1 40 -1 944 -1 25 -1 266 -1 40 -1 3134 -1 17 -1 596 -1 6370 -1 71 -1 8 -1 1034 -1 3 -1 209 -1 4895 -1 2263 -1 29 -1 1044 -1 6374 -1 161 -1 29 -1 3276 -1 30 -1 4878 -1 470 -1 591 -1 101 -1 40 -1 482 -1 4646 -1 96 -1 1366 -1 586 -1 18 -1 40 -1 494 -1 6375 -1 92 -1 270 -1 18 -1 214 -1 6376 -1 1075 -1 266 -1 219 -1 63 -1 307 -1 219 -1 6377 -1 -2
1389 -1 96 -1 30 -1 17 -1 1018 -1 29 -1 33 -1 868 -1 2119 -1 2996 -1 71 -1 290 -1 885 -1 602 -1 290 -1 3355 -1 759 -1 8 -1 188 -1 3174 -1 29 -1 4640 -1 318 -1 4286 -1 -2
36 -1 234 -1 347 -1 2391 -1 18 -1 40 -1 19 -1 290 -1 1272 -1 71 -1 3383 -1 293 -1 3734 -1 13 -1 8 -1 126 -1 918 -1 21 -1 146 -1 71 -1 63 -1 395 -1 1272 -1 71 -1 63 -1 1755 -1 8 -1 935 -1 18 -1 30 -1 -2
1 -1 1 -1 1 -1 172 -1 5270 -1 2659 -1 18 -1 2272 -1 1090 -1 175 -1 355 -1 52 -1 347 -1 414 -1 29 -1 3881 -1 11 -1 6736 -1 71 -1 318 -1 1140 -1 39 -1 306 -1 21 -1 74 -1 641 -1 20 -1 1144 -1 340 -1 3247 -1 206 -1 71 -1 7447 -1 71 -1 878 -1 71 -1 4132 -1 14 -1 71 -1 23 -1 1628 -1 54 -1 23 -1 192 -1 206 -1 -2
1 -1 1 -1 1 -1 229 -1 49 -1 617 -1 267 -1 293 -1 1599 -1 1191 -1 21 -1 8 -1 2718 -1 18 -1 318 -1 20 -1 234 -1 219 -1 160 -1 842 -1 14 -1 52 -1 20 -1 30 -1 219 -1 160 -1 1516 -1 -2
229 -1 40 -1 8057 -1 12 -1 52 -1 905 -1 71 -1 1788 -1 347 -1 19 -1 -2
388 -1 2159 -1 758 -1 29 -1 3401 -1 38 -1 96 -1 1269 -1 1082 -1 14 -1 293 -1 1599 -1 3 -1 122 -1 2925 -1 612 -1 154 -1 12 -1 7113 -1 4013 -1 27 -1 21 -1 26 -1 29 -1 20 -1 1269 -1 1082 -1 3401 -1 38 -1 3 -1 122 -1 3953 -1 14 -1 80 -1 2775 -1 568 -1 30 -1 103 -1 40 -1 604 -1 25 -1 8 -1 6648 -1 192 -1 12 -1 7113 -1 3401 -1 38 -1 3 -1 6832 -1 996 -1 97 -1 265 -1 4915 -1 40 -1 102 -1 154 -1 14 -1 655 -1 848 -1 103 -1 40 -1 604 -1 562 -1 1045 -1 8 -1 7183 -1 -2
310 -1 97 -1 545 -1 8 -1 2606 -1 2657 -1 206 -1 160 -1 52 -1 3694 -1 71 -1 2990 -1 29 -1 96 -1 21 -1 8 -1 3456 -1 17 -1 405 -1 18 -1 8 -1 236 -1 14 -1 2043 -1 568 -1 26 -1 38 -1 96 -1 3704 -1 18 -1 89 -1 187 -1 14 -1 1635 -1 21 -1 29 -1 247 -1 63 -1 21 -1 227 -1 3705 -1 2448 -1 3706 -1 80 -1 29 -1 878 -1 75 -1 1383 -1 591 -1 3707 -1 101 -1 8 -1 1165 -1 -2
36 -1 234 -1 8 -1 1788 -1 18 -1 8 -1 152 -1 188 -1 290 -1 74 -1 20 -1 29 -1 30 -1 50 -1 290 -1 6859 -1 316 -1 8 -1 4656 -1 18 -1 38 -1 3401 -1 52 -1 71 -1 2952 -1 30 -1 17 -1 2490 -1 14 -1 8 -1 1052 -1 18 -1 8 -1 8238 -1 1732 -1 414 -1 -2
175 -1 754 -1 29 -1 1218 -1 487 -1 32 -1 40 -1 2672 -1 21 -1 8 -1 2353 -1 39 -1 8 -1 4646 -1 18 -1 8 -1 2353 -1 5061 -1 -2
36 -1 37 -1 2699 -1 17 -1 3003 -1 18 -1 1782 -1 5583 -1 18 -1 122 -1 3378 -1 18 -1 1784 -1 14 -1 6059 -1 8 -1 1842 -1 18 -1 6059 -1 14 -1 284 -1 2610 -1 1782 -1 92 -1 847 -1 18 -1 8694 -1 686 -1 5108 -1 8 -1 126 -1 493 -1 -2
1 -1 1 -1 1 -1 388 -1 604 -1 758 -1 8 -1 7021 -1 14 -1 8 -1 1285 -1 7183 -1 17 -1 90 -1 52 -1 40 -1 3809 -1 39 -1 40 -1 7952 -1 29 -1 17 -1 40 -1 5542 -1 18 -1 206 -1 103 -1 8 -1 1035 -1 14 -1 2359 -1 534 -1 18 -1 1025 -1 161 -1 8 -1 648 -1 18 -1 932 -1 20 -1 3465 -1 3 -1 8 -1 934 -1 18 -1 293 -1 1599 -1 5085 -1 29 -1 63 -1 1030 -1 1017 -1 21 -1 8 -1 7952 -1 266 -1 8 -1 4533 -1 18 -1 19 -1 274 -1 5066 -1 21 -1 8 -1 7268 -1 18 -1 122 -1 2154 -1 542 -1 274 -1 27 -1 5066 -1 272 -1 5511 -1 7953 -1 14 -1 18 -1 5061 -1 -2
1 -1 1 -1 1 -1 1151 -1 2672 -1 18 -1 174 -1 3998 -1 3999 -1 17 -1 40 -1 1052 -1 92 -1 1285 -1 1419 -1 634 -1 586 -1 3 -1 146 -1 3 -1 96 -1 40 -1 19 -1 17 -1 3694 -1 71 -1 125 -1 29 -1 96 -1 17 -1 4000 -1 18 -1 122 -1 38 -1 92 -1 802 -1 908 -1 8 -1 1042 -1 18 -1 4001 -1 8 -1 126 -1 14 -1 71 -1 4002 -1 29 -1 3 -1 96 -1 265 -1 964 -1 30 -1 50 -1 290 -1 1142 -1 4003 -1 -2
1215 -1 8 -1 1222 -1 58 -1 810 -1 8 -1 731 -1 18 -1 227 -1 6889 -1 45 -1 18 -1 318 -1 292 -1 284 -1 227 -1 509 -1 -2
907 -1 8 -1 2483 -1 18 -1 11 -1 90 -1 27 -1 8 -1 2483 -1 18 -1 3268 -1 292 -1 8 -1 7279 -1 14 -1 3409 -1 1195 -1 18 -1 29 -1 7268 -1 160 -1 52 -1 40 -1 2483 -1 96 -1 11 -1 3 -1 1212 -1 4162 -1 92 -1 7280 -1 1232 -1 413 -1 1212 -1 5107 -1 71 -1 8 -1 870 -1 858 -1 646 -1 381 -1 1244 -1 197 -1 235 -1 52 -1 63 -1 395 -1 25 -1 199 -1 1867 -1 14 -1 153 -1 1825 -1 1232 -1 30 -1 17 -1 3 -1 138 -1 11 -1 2730 -1 71 -1 169 -1 1260 -1 235 -1 22 -1 3612 -1 63 -1 793 -1 58 -1 299 -1 3540 -1 3843 -1 759 -1 347 -1 2992 -1 63 -1 6738 -1 30 -1 318 -1 -2
227 -1 3843 -1 632 -1 17 -1 52 -1 18 -1 11 -1 39 -1 18 -1 19 -1 -2
7142 -1 39 -1 436 -1 219 -1 7204 -1 122 -1 3979 -1 3 -1 3734 -1 -2
1 -1 1 -1 1 -1 907 -1 40 -1 19 -1 3 -1 8 -1 2123 -1 18 -1 410 -1 154 -1 290 -1 6101 -1 71 -1 125 -1 40 -1 1822 -1 2227 -1 8 -1 2672 -1 265 -1 17 -1 394 -1 5813 -1 436 -1 212 -1 2672 -1 31 -1 3283 -1 40 -1 19 -1 71 -1 3257 -1 122 -1 319 -1 3995 -1 -2
310 -1 315 -1 103 -1 40 -1 494 -1 47 -1 18 -1 2345 -1 20 -1 7819 -1 8 -1 2353 -1 29 -1 17 -1 21 -1 122 -1 2487 -1 -2
229 -1 21 -1 74 -1 503 -1 20 -1 284 -1 30 -1 17 -1 52 -1 40 -1 163 -1 1431 -1 29 -1 476 -1 8 -1 4620 -1 2322 -1 39 -1 74 -1 40 -1 1431 -1 20 -1 8 -1 410 -1 110 -1 124 -1 52 -1 1205 -1 71 -1 5442 -1 14 -1 1561 -1 71 -1 1632 -1 -2
315 -1 21 -1 8 -1 3642 -1 18 -1 40 -1 3643 -1 943 -1 96 -1 75 -1 3644 -1 -2
2509 -1 17 -1 1421 -1 29 -1 4766 -1 124 -1 54 -1 567 -1 71 -1 8 -1 145 -1 18 -1 174 -1 436 -1 74 -1 145 -1 290 -1 2538 -1 14 -1 2538 -1 14 -1 602 -1 3 -1 347 -1 19 -1 92 -1 193 -1 290 -1 5780 -1 -2
310 -1 97 -1 8 -1 731 -1 18 -1 1022 -1 290 -1 52 -1 80 -1 811 -1 71 -1 11 -1 759 -1 18 -1 2483 -1 71 -1 2668 -1 14 -1 122 -1 3416 -1 80 -1 8 -1 493 -1 17 -1 8 -1 126 -1 562 -1 33 -1 2874 -1 3 -1 4081 -1 18 -1 3508 -1 949 -1 107 -1 612 -1 8 -1 3416 -1 18 -1 2668 -1 96 -1 21 -1 8 -1 5830 -1 18 -1 8 -1 126 -1 3734 -1 3 -1 2667 -1 161 -1 5976 -1 5977 -1 17 -1 4866 -1 90 -1 40 -1 949 -1 2483 -1 18 -1 11 -1 612 -1 8 -1 2658 -1 -2
1 -1 1 -1 1 -1 781 -1 64 -1 9375 -1 92 -1 9376 -1 8 -1 871 -1 32 -1 227 -1 7539 -1 8 -1 688 -1 3918 -1 63 -1 52 -1 1703 -1 -2
310 -1 97 -1 265 -1 4334 -1 74 -1 2177 -1 299 -1 1526 -1 553 -1 197 -1 290 -1 33 -1 683 -1 2672 -1 2227 -1 30 -1 80 -1 30 -1 17 -1 52 -1 3762 -1 -2
1 -1 1 -1 1 -1 781 -1 29 -1 47 -1 96 -1 9465 -1 18 -1 40 -1 192 -1 193 -1 197 -1 124 -1 45 -1 746 -1 304 -1 96 -1 30 -1 50 -1 290 -1 21 -1 40 -1 247 -1 492 -1 8 -1 1165 -1 160 -1 1942 -1 5898 -1 1703 -1 160 -1 40 -1 2391 -1 103 -1 40 -1 567 -1 316 -1 1535 -1 71 -1 9466 -1 20 -1 214 -1 40 -1 6172 -1 18 -1 8 -1 414 -1 18 -1 40 -1 6119 -1 -2
265 -1 29 -1 17 -1 712 -1 14 -1 1320 -1 262 -1 1119 -1 92 -1 4063 -1 17 -1 52 -1 3164 -1 97 -1 6620 -1 103 -1 265 -1 17 -1 500 -1 33 -1 780 -1 14 -1 50 -1 1972 -1 263 -1 234 -1 265 -1 31 -1 -2
182 -1 234 -1 265 -1 3369 -1 71 -1 347 -1 23 -1 824 -1 265 -1 31 -1 3369 -1 212 -1 81 -1 103 -1 122 -1 3369 -1 17 -1 122 -1 2430 -1 -2
229 -1 74 -1 2760 -1 20 -1 284 -1 124 -1 591 -1 3423 -1 101 -1 402 -1 103 -1 40 -1 192 -1 296 -1 3825 -1 -2
1 -1 1 -1 1 -1 2074 -1 18 -1 332 -1 71 -1 225 -1 2075 -1 332 -1 147 -1 2076 -1 -2
388 -1 108 -1 21 -1 1270 -1 1445 -1 1383 -1 245 -1 8 -1 38 -1 92 -1 8 -1 635 -1 937 -1 14 -1 8 -1 73 -1 14 -1 108 -1 8770 -1 8 -1 73 -1 5017 -1 -2
25 -1 27 -1 17 -1 30 -1 71 -1 1181 -1 6153 -1 6154 -1 92 -1 125 -1 347 -1 6155 -1 831 -1 600 -1 -2
502 -1 29 -1 30 -1 17 -1 1422 -1 29 -1 600 -1 51 -1 846 -1 272 -1 212 -1 23 -1 146 -1 101 -1 64 -1 17 -1 981 -1 292 -1 187 -1 18 -1 206 -1 306 -1 14 -1 227 -1 2332 -1 579 -1 219 -1 290 -1 2368 -1 292 -1 11 -1 92 -1 52 -1 17 -1 899 -1 21 -1 206 -1 306 -1 -2
2637 -1 197 -1 2638 -1 40 -1 2418 -1 18 -1 2412 -1 21 -1 225 -1 2639 -1 2621 -1 96 -1 2640 -1 306 -1 8 -1 1164 -1 2641 -1 14 -1 504 -1 22 -1 18 -1 318 -1 71 -1 2642 -1 58 -1 -2
310 -1 436 -1 219 -1 290 -1 165 -1 21 -1 224 -1 707 -1 4488 -1 219 -1 124 -1 2395 -1 103 -1 5267 -1 74 -1 20 -1 124 -1 54 -1 3105 -1 21 -1 96 -1 8 -1 3800 -1 92 -1 747 -1 5407 -1 8 -1 72 -1 1717 -1 -2
2509 -1 17 -1 52 -1 1792 -1 103 -1 2345 -1 71 -1 8556 -1 33 -1 8557 -1 92 -1 8558 -1 2992 -1 21 -1 322 -1 265 -1 434 -1 71 -1 2484 -1 318 -1 71 -1 122 -1 3355 -1 92 -1 8153 -1 -2
36 -1 197 -1 75 -1 8 -1 1365 -1 18 -1 38 -1 44 -1 265 -1 75 -1 25 -1 614 -1 1726 -1 71 -1 5091 -1 20 -1 265 -1 1103 -1 2249 -1 71 -1 5091 -1 18 -1 8 -1 1365 -1 18 -1 294 -1 18 -1 332 -1 14 -1 333 -1 96 -1 75 -1 52 -1 1726 -1 307 -1 -2
436 -1 234 -1 8 -1 1822 -1 290 -1 2227 -1 8 -1 2672 -1 18 -1 174 -1 8 -1 2672 -1 75 -1 685 -1 8 -1 1822 -1 14 -1 40 -1 1569 -1 2672 -1 602 -1 290 -1 712 -1 1382 -1 18 -1 685 -1 30 -1 290 -1 13 -1 14 -1 632 -1 602 -1 290 -1 4094 -1 -2
310 -1 1947 -1 21 -1 1970 -1 548 -1 40 -1 7734 -1 38 -1 6067 -1 50 -1 290 -1 90 -1 33 -1 6067 -1 154 -1 80 -1 30 -1 602 -1 637 -1 290 -1 230 -1 18 -1 40 -1 1035 -1 154 -1 -2
1 -1 1 -1 1 -1 1066 -1 1672 -1 2227 -1 8 -1 2672 -1 1135 -1 71 -1 1673 -1 206 -1 8 -1 98 -1 1116 -1 17 -1 29 -1 492 -1 8 -1 3913 -1 21 -1 8 -1 930 -1 868 -1 18 -1 206 -1 17 -1 84 -1 461 -1 -2
379 -1 266 -1 175 -1 63 -1 9391 -1 175 -1 274 -1 2914 -1 2902 -1 30 -1 71 -1 8 -1 5104 -1 18 -1 351 -1 1387 -1 -2
229 -1 21 -1 2948 -1 18 -1 112 -1 197 -1 124 -1 52 -1 209 -1 5113 -1 436 -1 227 -1 2153 -1 602 -1 290 -1 1185 -1 3 -1 347 -1 434 -1 18 -1 227 -1 319 -1 -2
460 -1 96 -1 761 -1 314 -1 1351 -1 40 -1 2054 -1 14 -1 3720 -1 18 -1 393 -1 292 -1 8 -1 665 -1 18 -1 29 -1 3401 -1 2271 -1 21 -1 922 -1 96 -1 219 -1 58 -1 510 -1 227 -1 319 -1 7730 -1 14 -1 3712 -1 63 -1 1082 -1 -2
74 -1 124 -1 6239 -1 206 -1 4191 -1 18 -1 227 -1 6238 -1 2949 -1 14 -1 2948 -1 92 -1 5947 -1 318 -1 4511 -1 18 -1 8 -1 276 -1 21 -1 604 -1 71 -1 323 -1 -2
492 -1 3 -1 26 -1 1378 -1 343 -1 17 -1 8222 -1 40 -1 402 -1 4924 -1 18 -1 33 -1 7077 -1 71 -1 63 -1 7994 -1 299 -1 8 -1 162 -1 14 -1 8223 -1 3814 -1 21 -1 8 -1 604 -1 29 -1 293 -1 1599 -1 7461 -1 263 -1 21 -1 8 -1 7119 -1 -2
492 -1 51 -1 50 -1 764 -1 29 -1 265 -1 96 -1 17 -1 71 -1 290 -1 40 -1 2810 -1 18 -1 558 -1 18 -1 8 -1 7183 -1 18 -1 1025 -1 29 -1 17 -1 71 -1 53 -1 18 -1 8 -1 558 -1 18 -1 26 -1 4010 -1 7122 -1 18 -1 192 -1 861 -1 29 -1 4535 -1 75 -1 8 -1 1025 -1 343 -1 290 -1 45 -1 8049 -1 29 -1 7949 -1 299 -1 307 -1 14 -1 821 -1 307 -1 685 -1 14 -1 568 -1 122 -1 7183 -1 14 -1 1158 -1 343 -1 290 -1 224 -1 18 -1 122 -1 389 -1 5072 -1 -2
36 -1 97 -1 21 -1 54 -1 761 -1 18 -1 8 -1 16 -1 206 -1 1103 -1 1713 -1 8 -1 1484 -1 18 -1 227 -1 3587 -1 381 -1 8 -1 3042 -1 30 -1 487 -1 52 -1 1029 -1 290 -1 1716 -1 29 -1 25 -1 30 -1 918 -1 71 -1 290 -1 -2
1 -1 315 -1 3 -1 8 -1 7727 -1 18 -1 792 -1 20 -1 6993 -1 1 -1 -2
310 -1 3 -1 29 -1 1042 -1 8 -1 84 -1 206 -1 921 -1 227 -1 1670 -1 147 -1 290 -1 8 -1 645 -1 567 -1 71 -1 1324 -1 8 -1 2084 -1 18 -1 40 -1 339 -1 4802 -1 210 -1 21 -1 227 -1 1336 -1 2227 -1 8 -1 247 -1 14 -1 290 -1 8 -1 645 -1 3381 -1 299 -1 8 -1 8221 -1 402 -1 103 -1 227 -1 1263 -1 14 -1 106 -1 14 -1 8 -1 3714 -1 58 -1 63 -1 8 -1 645 -1 400 -1 71 -1 2320 -1 161 -1 8 -1 930 -1 3202 -1 347 -1 98 -1 3732 -1 101 -1 17 -1 402 -1 71 -1 32 -1 332 -1 8 -1 1913 -1 2221 -1 2227 -1 8 -1 9486 -1 14 -1 9319 -1 18 -1 3830 -1 1023 -1 -2
229 -1 234 -1 265 -1 29 -1 25 -1 4167 -1 4284 -1 4509 -1 265 -1 75 -1 71 -1 1450 -1 212 -1 23 -1 837 -1 101 -1 8 -1 4503 -1 1378 -1 617 -1 17 -1 8 -1 3734 -1 4168 -1 436 -1 8 -1 4475 -1 21 -1 26 -1 322 -1 530 -1 263 -1 8 -1 1267 -1 -2
14 -1 3869 -1 8 -1 4946 -1 818 -1 1913 -1 3771 -1 18 -1 122 -1 3853 -1 -2
310 -1 26 -1 270 -1 18 -1 24 -1 1949 -1 17 -1 8 -1 102 -1 3416 -1 18 -1 29 -1 96 -1 117 -1 224 -1 21 -1 263 -1 1630 -1 861 -1 14 -1 21 -1 318 -1 29 -1 2728 -1 92 -1 270 -1 29 -1 186 -1 1446 -1 101 -1 219 -1 125 -1 2120 -1 -2
36 -1 20 -1 2667 -1 7216 -1 5511 -1 3174 -1 18 -1 8 -1 5574 -1 71 -1 341 -1 900 -1 307 -1 25 -1 858 -1 293 -1 1599 -1 3470 -1 5511 -1 3814 -1 1232 -1 274 -1 5066 -1 381 -1 5511 -1 7953 -1 14 -1 824 -1 8 -1 5511 -1 5574 -1 18 -1 3778 -1 -2
1201 -1 19 -1 632 -1 31 -1 704 -1 467 -1 39 -1 265 -1 343 -1 704 -1 30 -1 21 -1 45 -1 414 -1 14 -1 938 -1 299 -1 45 -1 1094 -1 1202 -1 14 -1 96 -1 50 -1 290 -1 1217 -1 262 -1 158 -1 759 -1 29 -1 467 -1 17 -1 54 -1 21 -1 26 -1 414 -1 14 -1 54 -1 21 -1 225 -1 414 -1 161 -1 8 -1 126 -1 604 -1 759 -1 29 -1 988 -1 92 -1 591 -1 24 -1 31 -1 290 -1 21 -1 224 -1 14 -1 8 -1 126 -1 414 -1 161 -1 596 -1 -2
1 -1 1 -1 1 -1 581 -1 582 -1 51 -1 50 -1 1688 -1 29 -1 8 -1 2349 -1 18 -1 8 -1 2686 -1 2687 -1 96 -1 51 -1 63 -1 161 -1 26 -1 648 -1 160 -1 52 -1 6858 -1 759 -1 40 -1 2672 -1 142 -1 8 -1 2658 -1 1045 -1 8 -1 6958 -1 18 -1 227 -1 3734 -1 299 -1 11 -1 161 -1 227 -1 1039 -1 292 -1 8 -1 6962 -1 14 -1 7272 -1 18 -1 227 -1 193 -1 900 -1 6870 -1 -2
1 -1 1 -1 1 -1 388 -1 537 -1 14 -1 787 -1 18 -1 146 -1 17 -1 52 -1 8 -1 1489 -1 18 -1 8 -1 785 -1 14 -1 558 -1 18 -1 224 -1 92 -1 40 -1 339 -1 1155 -1 1714 -1 292 -1 8 -1 162 -1 1472 -1 14 -1 1715 -1 1471 -1 18 -1 690 -1 39 -1 71 -1 1047 -1 161 -1 284 -1 14 -1 1191 -1 292 -1 224 -1 1280 -1 71 -1 225 -1 -2
1559 -1 2996 -1 988 -1 5578 -1 8 -1 8225 -1 14 -1 7468 -1 14 -1 504 -1 4404 -1 71 -1 290 -1 981 -1 14 -1 8 -1 4403 -1 7409 -1 381 -1 7468 -1 14 -1 265 -1 75 -1 2753 -1 299 -1 8 -1 8226 -1 -2
460 -1 96 -1 2555 -1 71 -1 212 -1 23 -1 787 -1 101 -1 26 -1 29 -1 206 -1 1103 -1 846 -1 29 -1 4535 -1 17 -1 8 -1 1025 -1 -2
310 -1 175 -1 893 -1 52 -1 39 -1 22 -1 206 -1 63 -1 395 -1 3235 -1 71 -1 479 -1 8 -1 201 -1 4881 -1 21 -1 3110 -1 586 -1 18 -1 33 -1 5941 -1 18 -1 8 -1 6345 -1 6346 -1 1110 -1 197 -1 3719 -1 212 -1 591 -1 71 -1 676 -1 4825 -1 101 -1 71 -1 563 -1 20 -1 219 -1 810 -1 1135 -1 8 -1 2280 -1 18 -1 227 -1 2913 -1 -2
388 -1 1035 -1 17 -1 265 -1 29 -1 4495 -1 33 -1 484 -1 92 -1 3734 -1 18 -1 225 -1 2303 -1 29 -1 17 -1 71 -1 53 -1 265 -1 4558 -1 71 -1 125 -1 30 -1 234 -1 8 -1 23 -1 61 -1 30 -1 52 -1 161 -1 92 -1 685 -1 40 -1 494 -1 604 -1 -2
310 -1 18 -1 209 -1 2166 -1 21 -1 1547 -1 197 -1 17 -1 1218 -1 29 -1 31 -1 3328 -1 97 -1 45 -1 18 -1 318 -1 50 -1 6049 -1 40 -1 1116 -1 21 -1 347 -1 19 -1 29 -1 1893 -1 71 -1 8 -1 4160 -1 18 -1 122 -1 319 -1 1673 -1 136 -1 199 -1 645 -1 21 -1 318 -1 29 -1 5964 -1 40 -1 1913 -1 3202 -1 436 -1 219 -1 2323 -1 71 -1 8 -1 146 -1 272 -1 8 -1 1501 -1 44 -1 219 -1 235 -1 2305 -1 227 -1 3328 -1 -2
1 -1 1 -1 1 -1 1 -1 175 -1 2717 -1 1 -1 1 -1 1 -1 581 -1 26 -1 8380 -1 18 -1 8 -1 905 -1 159 -1 14 -1 2339 -1 21 -1 192 -1 4766 -1 30 -1 17 -1 1422 -1 219 -1 63 -1 54 -1 641 -1 18 -1 186 -1 612 -1 227 -1 2376 -1 29 -1 31 -1 290 -1 811 -1 71 -1 19 -1 103 -1 8 -1 2913 -1 18 -1 311 -1 415 -1 312 -1 181 -1 21 -1 3727 -1 14 -1 861 -1 14 -1 50 -1 32 -1 74 -1 145 -1 20 -1 58 -1 274 -1 824 -1 2306 -1 103 -1 8 -1 2913 -1 18 -1 227 -1 319 -1 2376 -1 181 -1 20 -1 219 -1 124 -1 8 -1 193 -1 14 -1 20 -1 219 -1 124 -1 8 -1 2353 -1 -2
36 -1 234 -1 265 -1 846 -1 29 -1 4535 -1 17 -1 8 -1 1025 -1 265 -1 12 -1 8 -1 2589 -1 18 -1 11 -1 14 -1 11 -1 7446 -1 21 -1 307 -1 14 -1 265 -1 21 -1 11 -1 -2
14 -1 117 -1 4980 -1 29 -1 7388 -1 92 -1 7389 -1 299 -1 4705 -1 3002 -1 7390 -1 -2
14 -1 71 -1 8 -1 332 -1 2610 -1 219 -1 818 -1 8 -1 731 -1 18 -1 8 -1 2589 -1 18 -1 11 -1 14 -1 2927 -1 209 -1 262 -1 104 -1 478 -1 219 -1 4175 -1 71 -1 290 -1 2659 -1 -2
96 -1 17 -1 1835 -1 292 -1 1680 -1 29 -1 219 -1 160 -1 145 -1 92 -1 467 -1 468 -1 39 -1 332 -1 1334 -1 -2
103 -1 21 -1 26 -1 441 -1 144 -1 71 -1 96 -1 20 -1 214 -1 40 -1 1052 -1 18 -1 8 -1 2672 -1 18 -1 174 -1 40 -1 188 -1 17 -1 20 -1 199 -1 567 -1 20 -1 347 -1 18 -1 8 -1 4431 -1 18 -1 122 -1 870 -1 -2
310 -1 21 -1 8 -1 8680 -1 18 -1 1270 -1 175 -1 63 -1 6372 -1 71 -1 1482 -1 74 -1 514 -1 20 -1 124 -1 18 -1 623 -1 92 -1 8681 -1 5809 -1 14 -1 71 -1 6816 -1 1218 -1 39 -1 21 -1 74 -1 391 -1 20 -1 17 -1 84 -1 979 -1 14 -1 5569 -1 71 -1 8 -1 1003 -1 14 -1 995 -1 18 -1 8 -1 72 -1 6845 -1 96 -1 75 -1 405 -1 103 -1 8 -1 8682 -1 18 -1 8 -1 2483 -1 18 -1 11 -1 21 -1 1025 -1 -2
39 -1 4851 -1 29 -1 17 -1 71 -1 53 -1 4855 -1 18 -1 188 -1 4555 -1 97 -1 219 -1 63 -1 89 -1 186 -1 71 -1 1520 -1 63 -1 577 -1 71 -1 1972 -1 -2
227 -1 4655 -1 18 -1 1878 -1 3479 -1 71 -1 30 -1 97 -1 30 -1 290 -1 71 -1 2320 -1 64 -1 219 -1 63 -1 1135 -1 17 -1 212 -1 746 -1 2490 -1 831 -1 -2
36 -1 1232 -1 17 -1 197 -1 29 -1 921 -1 197 -1 17 -1 25 -1 89 -1 2092 -1 21 -1 33 -1 1490 -1 138 -1 8 -1 102 -1 1001 -1 18 -1 263 -1 9265 -1 52 -1 71 -1 3326 -1 122 -1 108 -1 272 -1 122 -1 319 -1 932 -1 919 -1 101 -1 29 -1 18 -1 347 -1 23 -1 19 -1 29 -1 17 -1 9266 -1 21 -1 122 -1 9267 -1 -2
