290 -1 SUP: 46
219 -1 SUP: 40
124 -1 SUP: 41
103 -1 SUP: 40
96 -1 SUP: 47
92 -1 SUP: 43
54 -1 SUP: 37
52 -1 SUP: 55
39 -1 SUP: 46
30 -1 SUP: 51
20 -1 SUP: 45
40 -1 71 -1 SUP: 39
29 -1 71 -1 SUP: 57
71 -1 29 -1 SUP: 44
21 -1 71 -1 SUP: 42
17 -1 71 -1 SUP: 50
14 -1 71 -1 SUP: 56
71 -1 14 -1 SUP: 42
17 -1 29 -1 SUP: 44
29 -1 17 -1 SUP: 41
18 -1 21 -1 SUP: 42
18 -1 17 -1 SUP: 45
17 -1 14 -1 SUP: 38
8 -1 21 -1 SUP: 49
14 -1 14 -1 SUP: 38
8 -1 17 -1 SUP: 53
18 -1 3 -1 SUP: 37
8 -1 3 -1 SUP: 42
71 -1 8 -1 71 -1 SUP: 39
8 -1 71 -1 18 -1 SUP: 42
18 -1 71 -1 8 -1 SUP: 46
71 -1 8 -1 18 -1 SUP: 50
71 -1 8 -1 8 -1 SUP: 40
8 -1 71 -1 8 -1 SUP: 51
8 -1 18 -1 29 -1 SUP: 41
29 -1 8 -1 18 -1 SUP: 51
18 -1 18 -1 18 -1 SUP: 38
18 -1 14 -1 18 -1 SUP: 37
21 -1 8 -1 18 -1 SUP: 41
8 -1 29 -1 8 -1 SUP: 37
29 -1 8 -1 8 -1 SUP: 39
17 -1 8 -1 18 -1 SUP: 47
18 -1 8 -1 14 -1 SUP: 38
8 -1 14 -1 18 -1 SUP: 37
8 -1 18 -1 14 -1 SUP: 46
14 -1 8 -1 18 -1 SUP: 47
18 -1 14 -1 8 -1 SUP: 43
14 -1 18 -1 8 -1 SUP: 39
21 -1 8 -1 8 -1 SUP: 37
14 -1 8 -1 8 -1 SUP: 37
8 -1 14 -1 8 -1 SUP: 43
8 -1 8 -1 14 -1 SUP: 44
8 -1 18 -1 8 -1 71 -1 SUP: 40
18 -1 8 -1 18 -1 8 -1 SUP: 44
8 -1 18 -1 8 -1 18 -1 SUP: 51
18 -1 8 -1 8 -1 18 -1 SUP: 45
8 -1 8 -1 8 -1 18 -1 SUP: 44
8 -1 8 -1 18 -1 8 -1 SUP: 49
8 -1 18 -1 8 -1 8 -1 SUP: 44
8 -1 8 -1 8 -1 8 -1 SUP: 40
