290 -1 SUP: 1715
124 -1 SUP: 1183
103 -1 SUP: 1371
96 -1 SUP: 1538
92 -1 SUP: 1422
52 -1 SUP: 1723
39 -1 SUP: 1430
30 -1 SUP: 1582
20 -1 SUP: 1475
3 -1 SUP: 1693
71 -1 71 -1 SUP: 1712
29 -1 71 -1 SUP: 1528
17 -1 71 -1 SUP: 1559
14 -1 71 -1 SUP: 1487
71 -1 14 -1 SUP: 1524
40 -1 18 -1 SUP: 1204
40 -1 8 -1 SUP: 1206
18 -1 29 -1 SUP: 1483
29 -1 17 -1 SUP: 1333
17 -1 29 -1 SUP: 1179
29 -1 14 -1 SUP: 1383
18 -1 21 -1 SUP: 1367
8 -1 29 -1 SUP: 1736
21 -1 14 -1 SUP: 1167
18 -1 17 -1 SUP: 1515
17 -1 14 -1 SUP: 1317
8 -1 21 -1 SUP: 1564
14 -1 14 -1 SUP: 1461
18 -1 8 -1 71 -1 SUP: 1278
8 -1 71 -1 18 -1 SUP: 1197
8 -1 18 -1 71 -1 SUP: 1523
71 -1 18 -1 8 -1 SUP: 1244
71 -1 8 -1 18 -1 SUP: 1551
18 -1 71 -1 8 -1 SUP: 1278
8 -1 71 -1 8 -1 SUP: 1453
71 -1 8 -1 8 -1 SUP: 1370
8 -1 8 -1 71 -1 SUP: 1366
29 -1 8 -1 18 -1 SUP: 1417
18 -1 18 -1 18 -1 SUP: 1317
18 -1 14 -1 18 -1 SUP: 1224
21 -1 8 -1 18 -1 SUP: 1277
29 -1 8 -1 8 -1 SUP: 1278
17 -1 18 -1 8 -1 SUP: 1198
17 -1 8 -1 18 -1 SUP: 1423
8 -1 18 -1 14 -1 SUP: 1615
14 -1 8 -1 18 -1 SUP: 1465
18 -1 14 -1 8 -1 SUP: 1332
8 -1 14 -1 18 -1 SUP: 1409
14 -1 18 -1 8 -1 SUP: 1265
18 -1 8 -1 14 -1 SUP: 1375
21 -1 8 -1 8 -1 SUP: 1184
8 -1 17 -1 8 -1 SUP: 1170
17 -1 8 -1 8 -1 SUP: 1221
8 -1 8 -1 14 -1 SUP: 1467
14 -1 8 -1 8 -1 SUP: 1305
8 -1 14 -1 8 -1 SUP: 1552
1 -1 1 -1 1 -1 SUP: 1209
8 -1 18 -1 8 -1 18 -1 SUP: 1648
8 -1 18 -1 18 -1 8 -1 SUP: 1261
18 -1 8 -1 8 -1 18 -1 SUP: 1281
18 -1 8 -1 18 -1 8 -1 SUP: 1400
8 -1 8 -1 8 -1 18 -1 SUP: 1361
8 -1 8 -1 18 -1 8 -1 SUP: 1493
8 -1 18 -1 8 -1 8 -1 SUP: 1541
8 -1 8 -1 8 -1 8 -1 SUP: 1247
