124 -1 SUP: 44
103 -1 SUP: 37
92 -1 SUP: 47
54 -1 SUP: 38
52 -1 SUP: 56
40 -1 SUP: 53
39 -1 SUP: 41
30 -1 SUP: 40
20 -1 SUP: 44
290 -1 18 -1 SUP: 38
290 -1 8 -1 SUP: 37
8 -1 96 -1 SUP: 37
29 -1 71 -1 SUP: 54
71 -1 29 -1 SUP: 40
17 -1 71 -1 SUP: 53
71 -1 14 -1 SUP: 56
29 -1 29 -1 SUP: 43
29 -1 21 -1 SUP: 41
29 -1 17 -1 SUP: 47
17 -1 29 -1 SUP: 48
14 -1 29 -1 SUP: 42
21 -1 14 -1 SUP: 38
14 -1 21 -1 SUP: 38
17 -1 17 -1 SUP: 39
17 -1 14 -1 SUP: 47
3 -1 18 -1 SUP: 37
3 -1 8 -1 SUP: 38
8 -1 3 -1 SUP: 40
71 -1 8 -1 71 -1 SUP: 38
71 -1 18 -1 8 -1 SUP: 39
8 -1 18 -1 71 -1 SUP: 47
8 -1 71 -1 18 -1 SUP: 38
18 -1 8 -1 71 -1 SUP: 41
18 -1 71 -1 8 -1 SUP: 38
71 -1 8 -1 18 -1 SUP: 46
8 -1 14 -1 71 -1 SUP: 37
71 -1 8 -1 8 -1 SUP: 40
8 -1 71 -1 8 -1 SUP: 46
8 -1 8 -1 71 -1 SUP: 43
29 -1 18 -1 18 -1 SUP: 42
29 -1 18 -1 14 -1 SUP: 42
29 -1 18 -1 8 -1 SUP: 47
29 -1 8 -1 18 -1 SUP: 52
8 -1 29 -1 18 -1 SUP: 39
8 -1 18 -1 29 -1 SUP: 43
18 -1 8 -1 29 -1 SUP: 41
29 -1 8 -1 14 -1 SUP: 41
18 -1 18 -1 14 -1 SUP: 39
21 -1 18 -1 8 -1 SUP: 39
18 -1 8 -1 21 -1 SUP: 39
21 -1 8 -1 18 -1 SUP: 42
8 -1 18 -1 21 -1 SUP: 43
29 -1 8 -1 8 -1 SUP: 45
8 -1 29 -1 8 -1 SUP: 45
8 -1 18 -1 17 -1 SUP: 39
14 -1 18 -1 8 -1 SUP: 43
21 -1 8 -1 8 -1 SUP: 43
8 -1 8 -1 21 -1 SUP: 37
8 -1 21 -1 8 -1 SUP: 40
8 -1 14 -1 14 -1 SUP: 38
8 -1 17 -1 8 -1 SUP: 39
14 -1 8 -1 8 -1 SUP: 43
8 -1 18 -1 14 -1 18 -1 SUP: 40
18 -1 18 -1 8 -1 8 -1 SUP: 42
17 -1 8 -1 18 -1 8 -1 SUP: 37
8 -1 14 -1 8 -1 18 -1 SUP: 39
8 -1 18 -1 8 -1 14 -1 SUP: 40
8 -1 8 -1 18 -1 14 -1 SUP: 39
8 -1 18 -1 14 -1 8 -1 SUP: 42
1 -1 1 -1 1 -1 18 -1 SUP: 40
1 -1 1 -1 1 -1 8 -1 SUP: 41
8 -1 18 -1 18 -1 8 -1 18 -1 SUP: 38
18 -1 8 -1 18 -1 8 -1 18 -1 SUP: 39
8 -1 18 -1 8 -1 8 -1 18 -1 SUP: 44
8 -1 18 -1 8 -1 18 -1 8 -1 SUP: 44
8 -1 8 -1 18 -1 8 -1 18 -1 SUP: 37
8 -1 18 -1 8 -1 8 -1 8 -1 SUP: 37
