290 -1 SUP: 56
265 -1 SUP: 38
219 -1 SUP: 37
103 -1 SUP: 43
96 -1 SUP: 45
52 -1 SUP: 51
39 -1 SUP: 48
30 -1 SUP: 47
20 -1 SUP: 47
3 -1 SUP: 52
71 -1 71 -1 SUP: 59
29 -1 71 -1 SUP: 54
8 -1 92 -1 SUP: 40
21 -1 71 -1 SUP: 40
17 -1 71 -1 SUP: 47
14 -1 71 -1 SUP: 46
71 -1 14 -1 SUP: 47
8 -1 40 -1 SUP: 38
18 -1 29 -1 SUP: 43
29 -1 17 -1 SUP: 37
29 -1 14 -1 SUP: 44
8 -1 29 -1 SUP: 53
18 -1 17 -1 SUP: 40
14 -1 14 -1 SUP: 47
8 -1 17 -1 SUP: 49
1 -1 8 -1 SUP: 37
18 -1 71 -1 8 -1 SUP: 43
18 -1 8 -1 71 -1 SUP: 45
71 -1 8 -1 18 -1 SUP: 48
8 -1 18 -1 71 -1 SUP: 54
8 -1 71 -1 8 -1 SUP: 41
8 -1 8 -1 71 -1 SUP: 45
71 -1 8 -1 8 -1 SUP: 43
29 -1 8 -1 18 -1 SUP: 42
18 -1 18 -1 18 -1 SUP: 41
8 -1 18 -1 21 -1 SUP: 40
18 -1 21 -1 8 -1 SUP: 37
21 -1 8 -1 18 -1 SUP: 37
17 -1 18 -1 8 -1 SUP: 37
17 -1 8 -1 18 -1 SUP: 41
8 -1 18 -1 14 -1 SUP: 45
14 -1 8 -1 18 -1 SUP: 45
8 -1 21 -1 8 -1 SUP: 42
17 -1 8 -1 8 -1 SUP: 41
8 -1 8 -1 14 -1 SUP: 38
8 -1 14 -1 8 -1 SUP: 40
14 -1 8 -1 8 -1 SUP: 39
1 -1 1 -1 1 -1 SUP: 41
8 -1 18 -1 8 -1 18 -1 SUP: 51
18 -1 8 -1 18 -1 8 -1 SUP: 41
8 -1 18 -1 18 -1 8 -1 SUP: 37
18 -1 8 -1 8 -1 18 -1 SUP: 39
8 -1 18 -1 8 -1 8 -1 SUP: 48
8 -1 8 -1 8 -1 18 -1 SUP: 38
8 -1 8 -1 18 -1 8 -1 SUP: 41
8 -1 8 -1 8 -1 8 -1 SUP: 38
