290 -1 SUP: 55
124 -1 SUP: 40
103 -1 SUP: 39
92 -1 SUP: 43
52 -1 SUP: 54
40 -1 SUP: 50
39 -1 SUP: 42
20 -1 SUP: 45
71 -1 71 -1 SUP: 54
96 -1 8 -1 SUP: 40
8 -1 96 -1 SUP: 38
29 -1 71 -1 SUP: 47
21 -1 71 -1 SUP: 38
17 -1 71 -1 SUP: 55
71 -1 14 -1 SUP: 44
14 -1 71 -1 SUP: 41
18 -1 29 -1 SUP: 49
29 -1 17 -1 SUP: 51
17 -1 29 -1 SUP: 44
14 -1 29 -1 SUP: 38
18 -1 21 -1 SUP: 43
30 -1 8 -1 SUP: 41
21 -1 14 -1 SUP: 48
17 -1 14 -1 SUP: 49
14 -1 14 -1 SUP: 48
3 -1 18 -1 SUP: 39
3 -1 8 -1 SUP: 39
71 -1 8 -1 18 -1 SUP: 47
8 -1 18 -1 71 -1 SUP: 47
18 -1 71 -1 8 -1 SUP: 37
18 -1 8 -1 71 -1 SUP: 38
8 -1 71 -1 8 -1 SUP: 38
71 -1 8 -1 8 -1 SUP: 37
8 -1 8 -1 71 -1 SUP: 40
29 -1 18 -1 8 -1 SUP: 38
29 -1 8 -1 18 -1 SUP: 52
18 -1 18 -1 18 -1 SUP: 38
17 -1 18 -1 18 -1 SUP: 38
29 -1 8 -1 14 -1 SUP: 37
18 -1 14 -1 18 -1 SUP: 44
21 -1 8 -1 18 -1 SUP: 52
21 -1 18 -1 8 -1 SUP: 38
8 -1 29 -1 8 -1 SUP: 40
29 -1 8 -1 8 -1 SUP: 46
17 -1 18 -1 8 -1 SUP: 45
8 -1 18 -1 17 -1 SUP: 37
17 -1 8 -1 18 -1 SUP: 50
14 -1 8 -1 18 -1 SUP: 50
18 -1 8 -1 14 -1 SUP: 45
14 -1 18 -1 8 -1 SUP: 44
8 -1 14 -1 18 -1 SUP: 49
8 -1 21 -1 8 -1 SUP: 38
21 -1 8 -1 8 -1 SUP: 42
17 -1 8 -1 8 -1 SUP: 44
8 -1 8 -1 14 -1 SUP: 49
14 -1 8 -1 8 -1 SUP: 42
1 -1 1 -1 1 -1 SUP: 37
8 -1 18 -1 8 -1 18 -1 SUP: 53
18 -1 8 -1 18 -1 8 -1 SUP: 44
18 -1 8 -1 8 -1 18 -1 SUP: 39
8 -1 18 -1 18 -1 8 -1 SUP: 43
8 -1 18 -1 14 -1 8 -1 SUP: 38
8 -1 8 -1 8 -1 18 -1 SUP: 42
8 -1 18 -1 8 -1 8 -1 SUP: 47
8 -1 8 -1 18 -1 8 -1 SUP: 43
8 -1 8 -1 8 -1 8 -1 SUP: 39
