19090761 -1 SUP: 2
19078126 -1 SUP: 2
19010482 -1 SUP: 2
19003999 -1 SUP: 2
1738521 -1 SUP: 2
1713332 -1 SUP: 2
1307046 -1 SUP: 2
1174888 -1 SUP: 2
950637 -1 SUP: 2
948078 -1 SUP: 2
904453 -1 SUP: 2
1551099 -1 1154343 -1 SUP: 2
1734104 -1 956874 -1 SUP: 2
929887 1551099 -1 SUP: 2
956874 -1 1506270 -1 SUP: 2
903963 -1 1308216 -1 SUP: 2
903963 -1 956874 -1 SUP: 2
956874 -1 903963 -1 SUP: 2
19049105 -1 956874 -1 970250 -1 SUP: 2
988095 -1 956874 -1 1742253 -1 SUP: 2
956874 -1 956874 -1 1738521 -1 SUP: 2
987245 1106776 1149380 -1 SUP: 2
1106776 -1 1149380 -1 970250 -1 SUP: 2
1106776 -1 1149380 -1 956874 -1 SUP: 2
956874 -1 1149380 -1 970250 -1 SUP: 2
956874 -1 1149380 -1 956874 -1 SUP: 2
956874 -1 974166 -1 970250 -1 SUP: 2
956874 -1 974166 -1 956874 -1 SUP: 2
956874 -1 956874 -1 970250 -1 SUP: 2
703547 923645 -1 1036228 -1 SUP: 2
777221 -1 777221 -1 1036228 -1 SUP: 2
939976 967823 986417 19049105 -1 SUP: 2
923645 -1 777221 -1 703547 -1 1036228 -1 SUP: 2
