19055720 -1 SUP: 449
1754994 -1 SUP: 432
1738521 -1 SUP: 433
1707164 -1 SUP: 360
1545958 -1 SUP: 602
1502905 -1 SUP: 501
1501700 -1 SUP: 421
1332418 -1 SUP: 547
1177480 -1 SUP: 466
1163944 -1 SUP: 421
1153664 -1 SUP: 405
1149380 -1 SUP: 582
1136980 -1 SUP: 365
1129625 -1 SUP: 378
1110410 -1 SUP: 407
1103314 -1 SUP: 407
989878 -1 SUP: 411
975125 -1 SUP: 400
923645 -1 SUP: 468
906780 -1 SUP: 412
903963 -1 SUP: 635
797399 -1 SUP: 385
791967 -1 SUP: 450
781039 -1 SUP: 365
778711 -1 SUP: 460
744740 -1 SUP: 437
586413 -1 SUP: 364
19121608 -1 19121608 -1 SUP: 495
1713332 -1 19121608 -1 SUP: 370
1503297 -1 19121608 -1 SUP: 407
19049105 -1 1174888 -1 SUP: 411
19049105 -1 1125315 -1 SUP: 473
1734104 -1 1734104 -1 SUP: 472
1713332 -1 1734104 -1 SUP: 422
1734104 -1 1713332 -1 SUP: 424
1713332 -1 1713332 -1 SUP: 560
1503297 -1 1734104 -1 SUP: 384
1503297 -1 1713332 -1 SUP: 440
1539403 -1 1539403 -1 SUP: 382
1797513 -1 1174888 -1 SUP: 410
1786621 -1 1174888 -1 SUP: 400
1174888 -1 1786621 -1 SUP: 414
1797513 -1 1125315 -1 SUP: 473
1742253 -1 1174888 -1 SUP: 414
1125315 -1 1786621 -1 SUP: 477
1786621 -1 1125315 -1 SUP: 450
1742253 -1 1125315 -1 SUP: 457
1174888 -1 1551099 -1 SUP: 373
1174888 -1 1518254 -1 SUP: 406
1506270 -1 1174888 -1 SUP: 381
1174888 -1 1506270 -1 SUP: 362
1125315 -1 1551099 -1 SUP: 423
1551099 -1 1125315 -1 SUP: 393
1539403 -1 1125315 -1 SUP: 402
1125315 -1 1539403 -1 SUP: 364
1518254 -1 1125315 -1 SUP: 380
1125315 -1 1518254 -1 SUP: 479
1125315 -1 1506270 -1 SUP: 414
1506270 -1 1125315 -1 SUP: 424
1308216 -1 1308216 -1 SUP: 375
1308216 -1 1174888 -1 SUP: 380
974166 -1 1503297 -1 SUP: 361
1308216 -1 1125315 -1 SUP: 445
1125315 -1 1308216 -1 SUP: 395
1307046 -1 1125315 -1 SUP: 370
1174888 -1 1154343 -1 SUP: 386
1154343 -1 1174888 -1 SUP: 379
1174888 -1 1153013 -1 SUP: 382
1125315 -1 1201620 -1 SUP: 381
1201620 -1 1125315 -1 SUP: 371
1154343 -1 1125315 -1 SUP: 426
1125315 -1 1154343 -1 SUP: 441
1125315 -1 1154029 -1 SUP: 387
1153013 -1 1125315 -1 SUP: 402
1125315 -1 1153013 -1 SUP: 444
1124957 1125315 -1 SUP: 442
1124957 -1 1125315 -1 SUP: 369
1174888 -1 1000560 -1 SUP: 361
1174888 -1 974166 -1 SUP: 365
1174888 -1 956874 -1 SUP: 373
1125315 -1 1000560 -1 SUP: 417
1125315 -1 974166 -1 SUP: 417
1125315 -1 956874 -1 SUP: 441
956874 -1 1125315 -1 SUP: 369
967823 986417 -1 SUP: 367
974166 -1 974166 -1 SUP: 459
956874 -1 956874 -1 SUP: 366
708298 1154029 -1 SUP: 408
19121608 -1 1125315 1174888 -1 SUP: 363
1125315 1174888 -1 19121608 -1 SUP: 413
1125315 1174888 -1 19049105 -1 SUP: 420
1125315 -1 1705674 1836430 -1 SUP: 381
1174888 -1 1713332 1759842 -1 SUP: 360
1125315 -1 1713332 1759842 -1 SUP: 415
1713332 1759842 -1 1125315 -1 SUP: 384
1503297 -1 1503297 -1 1503297 -1 SUP: 377
1125315 1174888 -1 1797513 -1 SUP: 392
1174888 -1 1713332 -1 1174888 -1 SUP: 367
1125315 1174888 -1 1742253 -1 SUP: 380
1125315 1174888 -1 1734104 -1 SUP: 451
1734104 -1 1125315 1174888 -1 SUP: 451
1125315 1174888 -1 1713332 -1 SUP: 517
1713332 -1 1125315 1174888 -1 SUP: 533
1713332 -1 1125315 -1 1174888 -1 SUP: 378
1174888 -1 1713332 -1 1125315 -1 SUP: 385
1125315 -1 1713332 -1 1174888 -1 SUP: 406
1125315 -1 1174888 -1 1713332 -1 SUP: 366
1713332 -1 1174888 -1 1125315 -1 SUP: 362
1174888 -1 1125315 -1 1713332 -1 SUP: 369
1125315 -1 1125315 -1 1734104 -1 SUP: 385
1125315 -1 1734104 -1 1125315 -1 SUP: 360
1734104 -1 1125315 -1 1125315 -1 SUP: 361
1125315 -1 1125315 -1 1713332 -1 SUP: 415
1713332 -1 1125315 -1 1125315 -1 SUP: 414
1125315 -1 1713332 -1 1125315 -1 SUP: 457
1125315 1174888 -1 1503297 -1 SUP: 417
1503297 -1 1125315 1174888 -1 SUP: 487
1125315 1174888 -1 1124957 -1 SUP: 387
974166 -1 1125315 1174888 -1 SUP: 418
1125315 -1 1174888 -1 1174888 -1 1174888 -1 SUP: 372
1174888 -1 1174888 -1 1125315 -1 1174888 -1 SUP: 361
1125315 -1 1174888 -1 1174888 -1 1125315 -1 SUP: 391
1174888 -1 1125315 -1 1174888 -1 1125315 -1 SUP: 367
1174888 -1 1174888 -1 1125315 -1 1125315 -1 SUP: 375
1174888 -1 1125315 -1 1125315 -1 1174888 -1 SUP: 384
1125315 -1 1125315 -1 1174888 -1 1174888 -1 SUP: 389
1125315 -1 1174888 -1 1125315 -1 1174888 -1 SUP: 389
1125315 -1 1174888 -1 1125315 -1 1125315 -1 SUP: 407
1125315 -1 1125315 -1 1174888 -1 1125315 -1 SUP: 410
1174888 -1 1125315 -1 1125315 -1 1125315 -1 SUP: 400
1125315 -1 1125315 -1 1125315 -1 1125315 1174888 -1 SUP: 363
1125315 1174888 -1 1125315 1174888 -1 1125315 1174888 -1 SUP: 395
