19136030 -1 SUP: 1556
19055720 -1 SUP: 2390
1777806 -1 SUP: 1535
1754994 -1 SUP: 1730
1738521 -1 SUP: 1797
1716903 -1 SUP: 1650
1707164 -1 SUP: 1606
1502905 -1 SUP: 1462
1501700 -1 SUP: 1645
1361711 -1 SUP: 1734
1326303 -1 SUP: 1574
1322184 -1 SUP: 2029
1177480 -1 SUP: 1804
1163944 -1 SUP: 1955
1137529 -1 SUP: 1492
1136980 -1 SUP: 1639
1129625 -1 SUP: 1612
1126658 -1 SUP: 1552
1112921 -1 SUP: 1743
1110410 -1 SUP: 2011
1103314 -1 SUP: 1936
997881 -1 SUP: 1588
989878 -1 SUP: 2056
975125 -1 SUP: 1618
970250 -1 SUP: 2052
948078 -1 SUP: 1937
923645 -1 SUP: 2014
922570 -1 SUP: 1509
906780 -1 SUP: 1710
904453 -1 SUP: 1505
797399 -1 SUP: 1785
781039 -1 SUP: 1910
778711 -1 SUP: 1831
744740 -1 SUP: 2172
586413 -1 SUP: 1653
19121608 -1 19121608 -1 SUP: 2161
19049105 -1 19121608 -1 SUP: 1550
19049105 -1 19049105 -1 SUP: 2292
1734104 -1 19121608 -1 SUP: 1506
1713332 -1 19121608 -1 SUP: 1656
19049105 -1 1742253 -1 SUP: 1531
1742253 -1 19049105 -1 SUP: 1572
19049105 -1 1734104 -1 SUP: 1637
1734104 -1 19049105 -1 SUP: 1793
1713332 -1 19049105 -1 SUP: 1921
19049105 -1 1713332 -1 SUP: 1849
1551099 -1 19049105 -1 SUP: 1450
1308216 -1 19049105 -1 SUP: 1504
1307046 -1 19049105 -1 SUP: 1512
19049105 -1 1154343 -1 SUP: 1524
1154343 -1 19049105 -1 SUP: 1522
19121608 -1 956874 -1 SUP: 1535
956874 -1 19121608 -1 SUP: 1699
974166 -1 19049105 -1 SUP: 1464
956874 19049105 -1 SUP: 1910
956874 -1 19049105 -1 SUP: 2562
19049105 -1 956874 -1 SUP: 2430
1713332 -1 1797513 -1 SUP: 1559
1786621 -1 1713332 -1 SUP: 1463
1742253 -1 1742253 -1 SUP: 1687
1734104 -1 1742253 -1 SUP: 1601
1759842 -1 1713332 -1 SUP: 1464
1734104 -1 1734104 -1 SUP: 2130
1713332 -1 1742253 -1 SUP: 1545
1713332 -1 1734104 -1 SUP: 1861
1734104 -1 1713332 -1 SUP: 1841
1734104 -1 1551099 -1 SUP: 1593
1713332 -1 1551099 -1 SUP: 1519
1551099 -1 1551099 -1 SUP: 1751
1506270 -1 1506270 -1 SUP: 1722
1154343 -1 1734104 -1 SUP: 1570
1734104 -1 1154343 -1 SUP: 1691
1713332 -1 1154343 -1 SUP: 1542
956874 -1 1797513 -1 SUP: 1463
1539403 -1 1174888 -1 SUP: 1452
1551099 -1 1154343 -1 SUP: 1476
1154343 -1 1551099 -1 SUP: 1547
956874 -1 1742253 -1 SUP: 1634
1742253 -1 956874 -1 SUP: 1689
1518254 -1 1174888 -1 SUP: 1462
1734104 -1 956874 -1 SUP: 1888
956874 -1 1734104 -1 SUP: 1730
1545958 -1 1125315 -1 SUP: 1544
956874 -1 1713332 -1 SUP: 1960
1713332 -1 956874 -1 SUP: 2030
1539403 -1 1125315 -1 SUP: 1688
1125315 -1 1539403 -1 SUP: 1584
1518254 -1 1125315 -1 SUP: 1663
1503297 -1 1125315 -1 SUP: 1460
1308216 -1 1308216 -1 SUP: 1855
1307046 -1 1307046 -1 SUP: 1768
956874 -1 1551099 -1 SUP: 1491
1551099 -1 956874 -1 SUP: 1567
1346823 -1 1125315 -1 SUP: 1492
1125315 -1 1346823 -1 SUP: 1526
1332418 -1 1125315 -1 SUP: 1564
1125315 -1 1310149 -1 SUP: 1551
1201620 -1 1174888 -1 SUP: 1561
1174888 -1 1201620 -1 SUP: 1522
1174888 -1 1154029 -1 SUP: 1563
1153013 -1 1174888 -1 SUP: 1677
1201620 -1 1125315 -1 SUP: 1793
1125315 -1 1201620 -1 SUP: 1851
1149380 -1 1174888 -1 SUP: 1468
1174888 -1 1149380 -1 SUP: 1531
1154343 -1 1154343 -1 SUP: 1931
1124957 -1 1174888 -1 SUP: 1802
1154029 -1 1125315 -1 SUP: 1461
1125315 -1 1154029 -1 SUP: 1856
1125315 -1 1153664 -1 SUP: 1505
1153664 -1 1125315 -1 SUP: 1535
1125315 1153664 -1 SUP: 1811
1153013 -1 1125315 -1 SUP: 1881
1125315 -1 1149380 -1 SUP: 1743
1149380 -1 1125315 -1 SUP: 1690
1308216 -1 956874 -1 SUP: 1731
1307046 -1 956874 -1 SUP: 1687
1124957 -1 1124957 -1 SUP: 1570
1174888 -1 1000560 -1 SUP: 1649
1125315 -1 1000560 -1 SUP: 1952
956874 -1 1154343 -1 SUP: 1686
1154343 -1 956874 -1 SUP: 1737
1125315 -1 974166 -1 SUP: 1653
1124957 -1 956874 -1 SUP: 1470
903963 -1 1125315 -1 SUP: 1584
1125315 -1 903963 -1 SUP: 1683
967823 986417 -1 SUP: 1474
974166 -1 974166 -1 SUP: 1637
974166 -1 956874 -1 SUP: 1465
1125315 -1 791967 -1 SUP: 1457
1125315 -1 744740 -1 SUP: 1593
708298 1154029 -1 SUP: 2107
1125315 1174888 -1 19121608 -1 SUP: 1819
19121608 -1 1125315 1174888 -1 SUP: 1547
1174888 -1 1174888 -1 19049105 -1 SUP: 1525
1174888 -1 19049105 -1 1174888 -1 SUP: 1450
1125315 -1 1125315 -1 19121608 -1 SUP: 1569
1125315 -1 19121608 -1 1125315 -1 SUP: 1466
1174888 -1 1125315 -1 19049105 -1 SUP: 1656
1125315 -1 1174888 -1 19049105 -1 SUP: 1750
1174888 -1 19049105 -1 1125315 -1 SUP: 1577
19049105 -1 1174888 -1 1125315 -1 SUP: 1475
1125315 1174888 -1 19049105 -1 SUP: 2316
1125315 -1 19049105 -1 1174888 -1 SUP: 1617
19049105 -1 1125315 1174888 -1 SUP: 2159
19049105 -1 1125315 -1 1174888 -1 SUP: 1545
1125315 -1 1125315 -1 19049105 -1 SUP: 1993
19049105 -1 1125315 -1 1125315 -1 SUP: 1752
1125315 -1 19049105 -1 1125315 -1 SUP: 1873
1713332 -1 1713332 1759842 -1 SUP: 1480
1713332 -1 1713332 -1 1713332 -1 SUP: 1542
1174888 -1 1705674 1836430 -1 SUP: 1498
1125315 -1 1705674 1836430 -1 SUP: 1778
1705674 1836430 -1 1125315 -1 SUP: 1576
1174888 -1 1713332 1759842 -1 SUP: 1566
1713332 1759842 -1 1174888 -1 SUP: 1484
1125315 -1 1713332 1759842 -1 SUP: 1847
1713332 1759842 -1 1125315 -1 SUP: 1680
1713332 -1 1125315 -1 1713332 -1 SUP: 1568
1125315 -1 1713332 -1 1713332 -1 SUP: 1676
1713332 -1 1713332 -1 1125315 -1 SUP: 1641
1797513 -1 1125315 1174888 -1 SUP: 1618
1125315 1174888 -1 1797513 -1 SUP: 1771
1125315 1174888 -1 1786621 -1 SUP: 1638
1786621 -1 1125315 1174888 -1 SUP: 1552
1174888 -1 1174888 -1 1734104 -1 SUP: 1476
1174888 -1 1734104 -1 1174888 -1 SUP: 1502
1174888 -1 1174888 -1 1713332 -1 SUP: 1588
1174888 -1 1713332 -1 1174888 -1 SUP: 1628
1713332 -1 1174888 -1 1174888 -1 SUP: 1602
1125315 -1 1125315 -1 1797513 -1 SUP: 1556
1125315 -1 1797513 -1 1125315 -1 SUP: 1509
1125315 -1 1174888 -1 1742253 -1 SUP: 1497
1125315 1174888 -1 1742253 -1 SUP: 1861
1742253 -1 1125315 1174888 -1 SUP: 1722
1125315 -1 1786621 -1 1125315 -1 SUP: 1472
1125315 -1 1125315 -1 1786621 -1 SUP: 1466
1125315 -1 1174888 -1 1734104 -1 SUP: 1637
1174888 -1 1734104 -1 1125315 -1 SUP: 1572
1174888 -1 1125315 -1 1734104 -1 SUP: 1585
1125315 -1 1734104 -1 1174888 -1 SUP: 1632
1734104 -1 1125315 1174888 -1 SUP: 2080
1734104 -1 1125315 -1 1174888 -1 SUP: 1582
1734104 -1 1174888 -1 1125315 -1 SUP: 1526
1125315 1174888 -1 1734104 -1 SUP: 2090
1125315 -1 1742253 -1 1125315 -1 SUP: 1616
1125315 -1 1125315 -1 1742253 -1 SUP: 1632
1734104 -1 1125315 -1 1125315 -1 SUP: 1774
1125315 -1 1734104 -1 1125315 -1 SUP: 1813
1125315 -1 1125315 -1 1734104 -1 SUP: 1836
1551099 -1 1125315 1174888 -1 SUP: 1589
1125315 1174888 -1 1551099 -1 SUP: 1762
1125315 1174888 -1 1518254 -1 SUP: 1459
1506270 -1 1125315 1174888 -1 SUP: 1568
1125315 1174888 -1 1506270 -1 SUP: 1618
1125315 -1 1125315 -1 1551099 -1 SUP: 1547
1125315 -1 1551099 -1 1125315 -1 SUP: 1463
1125315 -1 1506270 -1 1125315 -1 SUP: 1477
1125315 -1 1125315 -1 1506270 -1 SUP: 1471
1308216 -1 1125315 1174888 -1 SUP: 1701
1125315 1174888 -1 1308216 -1 SUP: 1473
1307046 -1 1125315 1174888 -1 SUP: 1665
1125315 1174888 -1 1307046 -1 SUP: 1560
1154343 -1 1125315 1174888 -1 SUP: 1635
1125315 1174888 -1 1154343 -1 SUP: 1785
1125315 1174888 -1 1153013 -1 SUP: 1541
1125315 1174888 -1 1124957 -1 SUP: 1810
1125315 -1 1174888 -1 1124957 -1 SUP: 1470
1125315 -1 1154343 -1 1125315 -1 SUP: 1458
1125315 -1 1125315 -1 1154343 -1 SUP: 1572
1125315 -1 1124957 1125315 -1 SUP: 1450
1125315 -1 1125315 -1 1124957 -1 SUP: 1685
1125315 -1 1124957 -1 1125315 -1 SUP: 1535
1174888 -1 956874 -1 1174888 -1 SUP: 1486
956874 -1 1174888 -1 1174888 -1 SUP: 1458
1174888 -1 1174888 -1 956874 -1 SUP: 1654
974166 -1 1125315 1174888 -1 SUP: 1591
956874 -1 1125315 -1 1174888 -1 SUP: 1655
1125315 -1 956874 -1 1174888 -1 SUP: 1649
1174888 -1 956874 -1 1125315 -1 SUP: 1592
956874 -1 1125315 1174888 -1 SUP: 2270
956874 -1 1174888 -1 1125315 -1 SUP: 1548
1125315 -1 956874 -1 1125315 -1 SUP: 1888
956874 -1 1125315 -1 1125315 -1 SUP: 1852
956874 -1 1125315 -1 956874 -1 SUP: 1658
956874 -1 956874 -1 1125315 -1 SUP: 1547
1125315 -1 956874 -1 956874 -1 SUP: 1694
956874 -1 956874 -1 956874 -1 SUP: 1703
1125315 1174888 -1 1125315 -1 1713332 -1 SUP: 1457
1125315 -1 1125315 1174888 -1 1713332 -1 SUP: 1480
1713332 -1 1125315 -1 1125315 1174888 -1 SUP: 1510
1713332 -1 1125315 1174888 -1 1125315 -1 SUP: 1454
1125315 -1 1713332 -1 1125315 1174888 -1 SUP: 1554
1125315 1174888 -1 1713332 -1 1125315 -1 SUP: 1496
1125315 1174888 -1 1125315 -1 956874 -1 SUP: 1529
1125315 -1 1125315 1174888 -1 956874 -1 SUP: 1539
1174888 -1 1174888 -1 1125315 1174888 -1 1174888 -1 SUP: 1453
1174888 -1 1174888 -1 1174888 -1 1125315 1174888 -1 SUP: 1466
1174888 -1 1125315 1174888 -1 1174888 -1 1174888 -1 SUP: 1467
1125315 1174888 -1 1174888 -1 1174888 -1 1174888 -1 SUP: 1448
1125315 -1 1174888 -1 1174888 -1 1125315 1174888 -1 SUP: 1574
1174888 -1 1125315 -1 1125315 1174888 -1 1174888 -1 SUP: 1505
1174888 -1 1125315 -1 1174888 -1 1125315 1174888 -1 SUP: 1552
1174888 -1 1174888 -1 1125315 -1 1125315 1174888 -1 SUP: 1510
1125315 1174888 -1 1174888 -1 1125315 -1 1174888 -1 SUP: 1526
1174888 -1 1125315 1174888 -1 1125315 -1 1174888 -1 SUP: 1526
1125315 1174888 -1 1174888 -1 1174888 -1 1125315 -1 SUP: 1474
1174888 -1 1174888 -1 1125315 1174888 -1 1125315 -1 SUP: 1504
1125315 -1 1174888 -1 1125315 1174888 -1 1174888 -1 SUP: 1551
1174888 -1 1125315 1174888 -1 1174888 -1 1125315 -1 SUP: 1507
1125315 -1 1125315 1174888 -1 1174888 -1 1174888 -1 SUP: 1537
1125315 1174888 -1 1125315 -1 1174888 -1 1174888 -1 SUP: 1508
1125315 1174888 -1 1174888 -1 1125315 -1 1125315 -1 SUP: 1579
1125315 1174888 -1 1125315 -1 1174888 -1 1125315 -1 SUP: 1559
1125315 -1 1125315 1174888 -1 1125315 -1 1174888 -1 SUP: 1617
1174888 -1 1125315 -1 1125315 1174888 -1 1125315 -1 SUP: 1567
1174888 -1 1125315 -1 1125315 -1 1125315 1174888 -1 SUP: 1592
1125315 1174888 -1 1125315 -1 1125315 -1 1174888 -1 SUP: 1595
1174888 -1 1125315 1174888 -1 1125315 -1 1125315 -1 SUP: 1582
1125315 -1 1174888 -1 1125315 -1 1125315 1174888 -1 SUP: 1654
1125315 1174888 -1 1125315 -1 1125315 -1 1125315 -1 SUP: 1671
1125315 -1 1125315 -1 1174888 -1 1125315 -1 1125315 -1 SUP: 1463
1125315 -1 1125315 -1 1125315 -1 1125315 -1 1125315 -1 SUP: 1656
1125315 1174888 -1 1125315 1174888 -1 1125315 1174888 -1 SUP: 1827
1125315 -1 1125315 1174888 -1 1125315 1174888 -1 1125315 -1 SUP: 1459
1125315 -1 1125315 -1 1125315 1174888 -1 1125315 1174888 -1 SUP: 1499
