19136030 -1 SUP: 3
1713332 -1 SUP: 3
1518254 -1 SUP: 3
19121608 -1 19121608 -1 SUP: 3
19049105 -1 19121608 -1 SUP: 3
19121608 -1 1154343 -1 SUP: 3
19049105 -1 1149380 -1 SUP: 3
19049105 -1 1106776 -1 SUP: 3
19049105 -1 929887 -1 SUP: 3
586413 -1 19121608 -1 SUP: 3
1786621 -1 1174888 -1 SUP: 3
923645 -1 1742253 -1 SUP: 3
986417 -1 1518254 -1 SUP: 3
1106776 1149380 -1 SUP: 3
970250 -1 1154343 -1 SUP: 3
956874 -1 1149380 -1 SUP: 3
956874 -1 1106776 -1 SUP: 3
987245 -1 988095 -1 SUP: 3
988095 -1 970250 -1 SUP: 3
988095 -1 956874 -1 SUP: 4
970250 -1 948078 -1 SUP: 3
988095 -1 929887 -1 SUP: 3
987245 -1 929887 -1 SUP: 3
923645 -1 987245 -1 SUP: 3
986417 -1 923645 -1 SUP: 3
586413 -1 1154343 -1 SUP: 3
987245 -1 703547 -1 SUP: 3
1154343 -1 1551099 -1 19049105 -1 SUP: 3
988095 -1 1307046 19003999 -1 SUP: 3
956874 -1 19049105 -1 1154343 -1 SUP: 3
1154343 -1 948078 -1 19049105 -1 SUP: 3
1125315 -1 956874 -1 19049105 -1 SUP: 3
967823 986417 -1 19121608 -1 SUP: 3
19049105 -1 974166 -1 970250 -1 SUP: 3
956874 -1 19049105 -1 987245 -1 SUP: 3
19049105 -1 948078 -1 970250 -1 SUP: 3
948078 -1 19049105 -1 956874 -1 SUP: 3
929887 -1 19049105 -1 956874 -1 SUP: 3
956874 -1 19049105 -1 923645 -1 SUP: 3
956874 -1 19049105 -1 903963 -1 SUP: 3
956874 -1 19049105 -1 703547 -1 SUP: 3
1705674 1836430 -1 1174888 -1 SUP: 3
1503297 -1 903963 -1 1308216 -1 SUP: 3
987245 -1 956874 -1 1742253 -1 SUP: 3
929887 -1 1734104 -1 956874 -1 SUP: 3
970250 -1 1551099 -1 970250 -1 SUP: 3
970250 -1 1551099 -1 956874 -1 SUP: 3
948078 -1 1506270 -1 956874 -1 SUP: 3
1503297 -1 903963 -1 956874 -1 SUP: 3
1174888 -1 970250 -1 1174888 -1 SUP: 3
1174888 -1 956874 -1 1174888 -1 SUP: 3
956874 -1 1154343 -1 1174888 -1 SUP: 3
956874 -1 1174888 -1 1154343 -1 SUP: 3
1353766 -1 970250 -1 956874 -1 SUP: 3
1353766 -1 956874 970250 -1 SUP: 3
1125315 -1 956874 -1 1174888 -1 SUP: 3
970250 -1 956874 -1 1313200 -1 SUP: 3
956874 970250 -1 1313200 -1 SUP: 3
956874 -1 956874 -1 1313200 -1 SUP: 3
970250 -1 1551099 -1 703547 -1 SUP: 3
1125315 -1 1174888 -1 923645 -1 SUP: 3
1112921 1154343 -1 948078 -1 SUP: 3
956874 -1 956874 -1 1154343 -1 SUP: 3
1154343 -1 948078 -1 956874 -1 SUP: 3
956874 -1 923645 -1 1174888 -1 SUP: 3
1154343 -1 956874 -1 904453 -1 SUP: 3
1154343 -1 948078 -1 904453 -1 SUP: 3
1125315 -1 956874 -1 923645 -1 SUP: 3
948078 -1 956874 -1 956874 -1 SUP: 3
956874 -1 956874 -1 929887 -1 SUP: 3
956874 -1 948078 -1 904453 -1 SUP: 3
923645 -1 923645 -1 956874 -1 SUP: 3
956874 970250 -1 777221 -1 SUP: 3
19049105 -1 19049105 -1 19049105 -1 1174888 -1 SUP: 3
956874 -1 19049105 -1 19049105 -1 1174888 -1 SUP: 3
19049105 -1 19049105 -1 956874 -1 1174888 -1 SUP: 3
1705674 1836430 -1 956874 -1 19049105 -1 SUP: 3
1503297 -1 19049105 -1 956874 -1 1308216 -1 SUP: 3
1786621 -1 956874 -1 19049105 -1 956874 -1 SUP: 3
1786621 -1 956874 -1 956874 -1 19049105 -1 SUP: 3
956874 19049105 -1 1154343 -1 1551099 -1 SUP: 3
956874 -1 19049105 -1 970250 -1 1551099 -1 SUP: 3
956874 19049105 -1 956874 -1 1551099 -1 SUP: 3
1503297 -1 19049105 -1 956874 -1 956874 -1 SUP: 3
956874 -1 19049105 -1 956874 -1 1308216 -1 SUP: 3
987245 -1 950637 1307046 19003999 -1 SUP: 3
956874 -1 19049105 -1 970250 -1 1174888 -1 SUP: 3
956874 -1 19049105 -1 956874 -1 1174888 -1 SUP: 3
956874 -1 956874 -1 19049105 -1 1174888 -1 SUP: 3
956874 -1 19049105 -1 970250 -1 988095 -1 SUP: 3
956874 -1 956874 -1 19049105 -1 997881 -1 SUP: 3
19049105 -1 956874 -1 956874 -1 956874 -1 SUP: 3
1174888 -1 1705674 1836430 -1 956874 -1 SUP: 3
1503297 -1 1503297 -1 1503297 -1 987245 -1 SUP: 3
1786621 -1 956874 -1 1307046 -1 956874 -1 SUP: 3
1174888 -1 1125315 1174888 -1 1307046 -1 SUP: 3
1503297 -1 939506 -1 956874 -1 1308216 -1 SUP: 3
956874 970250 -1 1551099 -1 1174888 -1 SUP: 3
956874 -1 1174888 -1 970250 -1 1551099 -1 SUP: 3
1786621 -1 956874 -1 939506 -1 956874 -1 SUP: 3
956874 -1 956874 -1 1551099 -1 1174888 -1 SUP: 3
1503297 -1 986417 -1 956874 -1 1174888 -1 SUP: 3
956874 -1 1154343 -1 956874 -1 1551099 -1 SUP: 3
956874 -1 1154343 -1 1551099 -1 956874 -1 SUP: 3
956874 -1 1154343 -1 904453 -1 1551099 -1 SUP: 3
956874 970250 -1 956874 -1 1551099 -1 SUP: 3
956874 -1 956874 -1 970250 -1 1551099 -1 SUP: 3
956874 -1 956874 -1 1551099 -1 956874 -1 SUP: 3
956874 -1 956874 -1 1307046 -1 1174888 -1 SUP: 3
1503297 -1 939506 -1 956874 -1 956874 -1 SUP: 3
956874 -1 1154343 -1 1125315 -1 956874 -1 SUP: 3
956874 -1 956874 -1 1551099 -1 703547 -1 SUP: 3
956874 -1 939506 -1 956874 -1 1308216 -1 SUP: 3
956874 -1 1174888 -1 970250 -1 988095 -1 SUP: 3
1174888 -1 956874 -1 939506 -1 956874 -1 SUP: 3
956874 -1 1154343 -1 956874 -1 956874 -1 SUP: 3
956874 970250 -1 956874 -1 1125315 -1 SUP: 3
956874 -1 956874 -1 1125315 -1 956874 -1 SUP: 3
956874 -1 1154343 -1 904453 -1 956874 -1 SUP: 3
956874 -1 1125315 -1 1174888 -1 703547 -1 SUP: 3
956874 970250 -1 956874 -1 997881 -1 SUP: 3
956874 -1 956874 -1 970250 -1 988095 -1 SUP: 3
956874 -1 986417 -1 956874 -1 970250 -1 SUP: 3
939506 967823 986417 -1 970250 -1 SUP: 3
956874 -1 956874 -1 948078 -1 956874 -1 SUP: 3
929887 -1 956874 -1 956874 -1 970250 -1 SUP: 3
956874 -1 939506 -1 956874 -1 956874 -1 SUP: 3
970250 -1 956874 -1 970250 -1 903963 -1 SUP: 3
956874 -1 923645 -1 956874 -1 956874 -1 SUP: 3
956874 -1 956874 -1 1174888 -1 703547 -1 SUP: 3
956874 -1 904453 -1 956874 -1 970250 -1 SUP: 3
956874 -1 956874 -1 1125315 -1 703547 -1 SUP: 3
970250 -1 956874 -1 777221 -1 703547 -1 SUP: 3
956874 -1 956874 -1 777221 -1 703547 -1 SUP: 3
956874 -1 956874 -1 19049105 -1 1307046 19003999 -1 SUP: 3
19049105 -1 19049105 -1 956874 -1 956874 -1 970250 -1 SUP: 3
19049105 -1 19049105 -1 939506 -1 956874 -1 970250 -1 SUP: 3
956874 -1 19049105 -1 1125315 1174888 -1 1551099 -1 SUP: 3
956874 970250 -1 1307046 1551099 19003999 -1 SUP: 3
956874 -1 956874 -1 1307046 1551099 19003999 -1 SUP: 3
956874 -1 1174888 -1 970250 -1 1307046 19003999 -1 SUP: 3
956874 -1 19049105 -1 1125315 1174888 -1 970250 -1 SUP: 3
956874 -1 956874 -1 1307046 -1 956874 -1 19049105 -1 SUP: 3
956874 -1 956874 -1 970250 -1 1307046 19003999 -1 SUP: 3
1174888 -1 956874 -1 956874 -1 956874 -1 19049105 -1 SUP: 3
956874 19049105 -1 1154343 -1 956874 -1 970250 -1 SUP: 3
956874 -1 956874 -1 970250 -1 1174888 -1 19003999 -1 SUP: 3
956874 970250 -1 956874 -1 1174888 -1 19003999 -1 SUP: 3
956874 -1 19049105 -1 956874 -1 956874 -1 970250 -1 SUP: 3
939506 939976 967823 986417 19049105 -1 SUP: 3
956874 -1 19049105 -1 939506 -1 956874 -1 970250 -1 SUP: 3
1503297 -1 1503297 -1 1503297 -1 956874 -1 1308216 -1 SUP: 3
1503297 -1 1503297 -1 1503297 -1 956874 -1 970250 -1 SUP: 3
1503297 -1 1503297 -1 1503297 -1 956874 -1 956874 -1 SUP: 3
1154343 -1 1551099 -1 1551099 -1 956874 -1 970250 -1 SUP: 3
1154343 -1 1551099 -1 1551099 -1 956874 -1 956874 -1 SUP: 3
1503297 -1 986417 -1 1174888 -1 1503297 -1 987245 -1 SUP: 3
956874 -1 956874 -1 1551099 -1 1125315 -1 1551099 -1 SUP: 3
956874 -1 1174888 -1 1125315 1174888 -1 1551099 -1 SUP: 3
956874 -1 956874 -1 1125315 1174888 -1 1551099 -1 SUP: 3
1786621 -1 956874 -1 956874 -1 956874 -1 970250 -1 SUP: 3
1503297 -1 986417 -1 1174888 -1 956874 -1 987245 -1 SUP: 3
1125315 1174888 -1 1125315 1174888 -1 987245 -1 SUP: 3
956874 -1 956874 -1 1551099 -1 1125315 -1 970250 -1 SUP: 3
956874 -1 956874 -1 970250 -1 1174888 -1 1307046 -1 SUP: 3
956874 970250 -1 956874 -1 1174888 -1 1307046 -1 SUP: 3
956874 -1 956874 -1 1125315 1174888 -1 970250 -1 SUP: 3
956874 970250 -1 956874 -1 1174888 -1 970250 -1 SUP: 3
1174888 -1 956874 -1 956874 -1 956874 -1 970250 -1 SUP: 3
956874 -1 956874 -1 1174888 -1 956874 -1 970250 -1 SUP: 3
956874 -1 956874 -1 1174888 -1 956874 -1 956874 -1 SUP: 3
956874 -1 939506 967823 986417 -1 956874 -1 SUP: 3
1174888 -1 956874 -1 19049105 -1 956874 -1 1307046 -1 956874 -1 SUP: 3
956874 970250 -1 956874 -1 950637 1307046 19003999 -1 SUP: 3
956874 970250 -1 904453 -1 956874 -1 19003999 -1 956874 -1 SUP: 3
1503297 -1 986417 -1 1174888 -1 1503297 -1 956874 -1 1308216 -1 SUP: 3
1503297 -1 986417 -1 1174888 -1 1503297 -1 956874 -1 970250 -1 SUP: 3
1503297 -1 986417 -1 1174888 -1 1503297 -1 956874 -1 956874 -1 SUP: 3
1503297 -1 986417 -1 1174888 -1 956874 -1 956874 -1 1308216 -1 SUP: 3
1503297 -1 986417 -1 1174888 -1 956874 -1 956874 -1 970250 -1 SUP: 3
1503297 -1 986417 -1 1174888 -1 956874 -1 956874 -1 956874 -1 SUP: 3
1174888 -1 1125315 1174888 -1 956874 -1 956874 -1 970250 -1 SUP: 3
1174888 -1 1125315 1174888 -1 956874 -1 956874 -1 956874 -1 SUP: 3
956874 970250 -1 904453 -1 956874 -1 1307046 -1 956874 -1 SUP: 3
956874 -1 1174888 -1 956874 -1 956874 -1 970250 -1 970250 -1 SUP: 3
956874 -1 1174888 -1 956874 -1 970250 -1 956874 -1 970250 -1 SUP: 3
956874 -1 1174888 -1 956874 -1 956874 -1 970250 -1 956874 -1 SUP: 3
956874 -1 1174888 -1 956874 -1 956874 -1 956874 970250 -1 SUP: 3
956874 -1 1174888 -1 956874 -1 970250 -1 956874 -1 956874 -1 SUP: 3
956874 -1 956874 -1 1174888 -1 970250 -1 987245 -1 903963 -1 SUP: 3
956874 970250 -1 1307046 1705674 1836430 19003999 -1 956874 -1 SUP: 3
956874 -1 956874 -1 1307046 1705674 1836430 19003999 -1 956874 -1 SUP: 3
956874 -1 956874 -1 948078 -1 939976 967823 986417 19049105 -1 SUP: 3
956874 970250 -1 956874 -1 1174888 -1 939976 967823 986417 19049105 -1 SUP: 3
956874 -1 956874 -1 956874 -1 1174888 -1 939976 967823 986417 19049105 -1 SUP: 3
956874 970250 -1 904453 -1 1174888 -1 939976 967823 986417 19049105 -1 SUP: 3
956874 970250 -1 904453 -1 956874 -1 956874 -1 939976 967823 986417 19049105 -1 SUP: 3
