19136030 -1 SUP: 263
1738521 -1 SUP: 202
1716903 -1 SUP: 207
1707164 -1 SUP: 216
1545958 -1 SUP: 200
1503297 -1 SUP: 225
1346823 -1 SUP: 271
1326303 -1 SUP: 206
1325608 -1 SUP: 169
1322184 -1 SUP: 173
1301025 -1 SUP: 184
1192710 -1 SUP: 168
1177480 -1 SUP: 187
1136980 -1 SUP: 191
1126658 -1 SUP: 224
1110410 -1 SUP: 295
997881 -1 SUP: 187
989878 -1 SUP: 271
986417 -1 SUP: 213
975125 -1 SUP: 204
967823 -1 SUP: 171
948078 -1 SUP: 283
922570 -1 SUP: 265
911354 -1 SUP: 195
907013 -1 SUP: 165
904453 -1 SUP: 196
778711 -1 SUP: 206
586413 -1 SUP: 168
19121608 -1 19121608 -1 SUP: 197
19121608 -1 19049105 -1 SUP: 196
19049105 -1 19121608 -1 SUP: 209
1734104 -1 19121608 -1 SUP: 167
19049105 -1 1797513 -1 SUP: 212
1797513 -1 19049105 -1 SUP: 205
1786621 -1 19049105 -1 SUP: 183
19049105 -1 1742253 -1 SUP: 240
1742253 -1 19049105 -1 SUP: 248
19049105 -1 1734104 -1 SUP: 224
1734104 -1 19049105 -1 SUP: 259
1713332 -1 19049105 -1 SUP: 251
19049105 -1 1713332 -1 SUP: 221
1551099 -1 19049105 -1 SUP: 241
19049105 -1 1551099 -1 SUP: 218
1518254 -1 19055720 -1 SUP: 166
19049105 -1 1518254 -1 SUP: 204
1518254 -1 19049105 -1 SUP: 235
19049105 -1 1506270 -1 SUP: 174
1506270 -1 19049105 -1 SUP: 186
1308216 -1 19049105 -1 SUP: 189
1307046 -1 19049105 -1 SUP: 187
19121608 -1 1174888 -1 SUP: 205
1174888 -1 19055720 -1 SUP: 167
1154343 -1 19049105 -1 SUP: 229
19049105 -1 1154343 -1 SUP: 220
19049105 -1 1154029 -1 SUP: 196
1153013 -1 19049105 -1 SUP: 188
19049105 -1 1153013 -1 SUP: 178
1125315 -1 19055720 -1 SUP: 204
1124957 -1 19049105 -1 SUP: 198
19049105 -1 1124957 -1 SUP: 205
19121608 -1 956874 -1 SUP: 188
956874 -1 19121608 -1 SUP: 203
1000560 -1 19049105 -1 SUP: 186
19049105 -1 1000560 -1 SUP: 197
974166 -1 19049105 -1 SUP: 208
956874 19049105 -1 SUP: 263
1797513 -1 1797513 -1 SUP: 187
1742253 -1 1797513 -1 SUP: 182
1734104 -1 1797513 -1 SUP: 185
1713332 -1 1797513 -1 SUP: 172
1742253 -1 1734104 -1 SUP: 209
1734104 -1 1742253 -1 SUP: 240
1713332 -1 1759842 -1 SUP: 167
1734104 -1 1734104 -1 SUP: 241
1713332 -1 1742253 -1 SUP: 187
1742253 -1 1713332 -1 SUP: 176
1713332 -1 1734104 -1 SUP: 207
1734104 -1 1713332 -1 SUP: 194
1551099 -1 1742253 -1 SUP: 205
1742253 -1 1551099 -1 SUP: 206
1551099 -1 1734104 -1 SUP: 195
1734104 -1 1551099 -1 SUP: 219
1551099 -1 1713332 -1 SUP: 171
1713332 -1 1551099 -1 SUP: 192
1742253 -1 1518254 -1 SUP: 168
1518254 -1 1742253 -1 SUP: 184
1734104 -1 1518254 -1 SUP: 170
1734104 -1 1506270 -1 SUP: 182
1713332 -1 1518254 -1 SUP: 179
1551099 -1 1551099 -1 SUP: 237
1506270 -1 1551099 -1 SUP: 176
1518254 -1 1518254 -1 SUP: 259
1506270 -1 1506270 -1 SUP: 205
1786621 -1 1174888 -1 SUP: 195
1174888 -1 1754994 -1 SUP: 191
1786621 -1 1125315 -1 SUP: 232
1154343 -1 1742253 -1 SUP: 195
1742253 -1 1154343 -1 SUP: 203
1742253 -1 1153013 -1 SUP: 170
1153013 -1 1742253 -1 SUP: 174
1734104 -1 1154343 -1 SUP: 221
1154343 -1 1734104 -1 SUP: 206
1125315 -1 1754994 -1 SUP: 234
1754994 -1 1125315 -1 SUP: 182
1713332 -1 1154343 -1 SUP: 193
1154343 -1 1713332 -1 SUP: 167
1742253 -1 1124957 -1 SUP: 178
1713332 -1 1153013 -1 SUP: 165
1734104 -1 1124957 -1 SUP: 174
1713332 -1 1124957 -1 SUP: 180
1797513 -1 956874 -1 SUP: 188
956874 -1 1797513 -1 SUP: 211
956874 -1 1786621 -1 SUP: 174
1786621 -1 956874 -1 SUP: 187
1734104 -1 1000560 -1 SUP: 167
1154343 -1 1551099 -1 SUP: 218
1551099 -1 1154343 -1 SUP: 202
1742253 -1 956874 -1 SUP: 247
1734104 -1 956874 -1 SUP: 263
956874 -1 1734104 -1 SUP: 226
1713332 -1 956874 -1 SUP: 253
956874 -1 1713332 -1 SUP: 225
1539403 -1 1125315 -1 SUP: 175
1518254 -1 1129625 -1 SUP: 171
1124957 -1 1518254 -1 SUP: 165
1501700 -1 1125315 -1 SUP: 172
1307046 -1 1307046 -1 SUP: 176
1000560 -1 1518254 -1 SUP: 182
1518254 -1 1000560 -1 SUP: 210
1551099 -1 956874 -1 SUP: 243
956874 -1 1551099 -1 SUP: 226
1307046 -1 1174888 -1 SUP: 195
1174888 -1 1307046 -1 SUP: 190
1518254 -1 956874 -1 SUP: 198
956874 -1 1518254 -1 SUP: 178
1506270 -1 956874 -1 SUP: 193
1332418 -1 1125315 -1 SUP: 173
1125315 -1 1310149 -1 SUP: 185
1310149 -1 1125315 -1 SUP: 165
1125315 -1 1308216 -1 SUP: 188
1125315 -1 1307046 -1 SUP: 224
1307046 -1 1125315 -1 SUP: 227
1201620 -1 1174888 -1 SUP: 168
1153664 -1 1174888 -1 SUP: 191
1125315 -1 1201620 -1 SUP: 202
1201620 -1 1125315 -1 SUP: 194
1174888 -1 1149380 -1 SUP: 171
1149380 -1 1174888 -1 SUP: 175
1153013 -1 1153013 -1 SUP: 195
1149380 -1 1154343 -1 SUP: 170
1154343 -1 1149380 -1 SUP: 169
1124957 -1 1174888 -1 SUP: 216
1163944 -1 1125315 -1 SUP: 177
1137529 1149380 -1 SUP: 179
1154029 -1 1125315 -1 SUP: 182
1125315 -1 1153664 -1 SUP: 206
1125315 -1 1149380 -1 SUP: 213
1149380 -1 1125315 -1 SUP: 211
1112921 1154343 -1 SUP: 196
1308216 -1 956874 -1 SUP: 207
1307046 -1 956874 -1 SUP: 200
956874 -1 1307046 -1 SUP: 172
1125315 -1 1129625 -1 SUP: 181
1124957 -1 1124957 -1 SUP: 201
1125315 -1 1110410 -1 SUP: 198
1103314 -1 1125315 -1 SUP: 169
1125315 -1 1103314 -1 SUP: 203
1000560 -1 1174888 -1 SUP: 181
1154029 -1 1000560 -1 SUP: 168
1000560 -1 1125315 -1 SUP: 210
1125315 -1 989878 -1 SUP: 194
1154343 -1 956874 -1 SUP: 237
956874 -1 1154343 -1 SUP: 229
956874 -1 1154029 -1 SUP: 167
956874 -1 1153013 -1 SUP: 181
1153013 -1 956874 -1 SUP: 179
1149380 -1 956874 -1 SUP: 166
1125315 -1 974166 -1 SUP: 193
1124957 -1 956874 -1 SUP: 205
956874 -1 1124957 -1 SUP: 199
1125315 -1 948078 -1 SUP: 181
1125315 -1 923645 -1 SUP: 173
1125315 -1 922570 -1 SUP: 187
1125315 -1 906780 -1 SUP: 167
903963 -1 1125315 -1 SUP: 178
1125315 -1 903963 -1 SUP: 188
1000560 -1 1000560 -1 SUP: 228
1174888 -1 791967 -1 SUP: 194
956874 -1 1000560 -1 SUP: 178
974166 -1 974166 -1 SUP: 167
974166 -1 956874 -1 SUP: 199
956874 -1 970250 -1 SUP: 171
1125315 -1 797399 -1 SUP: 171
1174888 -1 744740 -1 SUP: 181
791967 -1 1125315 -1 SUP: 179
1125315 -1 791967 -1 SUP: 240
1125315 -1 781039 -1 SUP: 188
1125315 -1 752061 -1 SUP: 203
1125315 -1 744740 -1 SUP: 203
744740 -1 1125315 -1 SUP: 167
708298 1154029 -1 SUP: 212
1125315 -1 708298 -1 SUP: 173
19049105 -1 19049105 -1 19049105 -1 SUP: 173
1174888 -1 19049105 -1 19049105 -1 SUP: 183
19049105 -1 19049105 -1 1125315 -1 SUP: 182
19049105 -1 1125315 -1 19049105 -1 SUP: 197
1125315 -1 19049105 -1 19049105 -1 SUP: 220
956874 -1 19049105 -1 19049105 -1 SUP: 184
19049105 -1 956874 -1 19049105 -1 SUP: 178
1705674 1836430 -1 19049105 -1 SUP: 176
1125315 1174888 -1 19121608 -1 SUP: 193
1174888 -1 19049105 -1 1174888 -1 SUP: 186
19049105 -1 1174888 -1 1174888 -1 SUP: 165
1125315 -1 19121608 -1 1125315 -1 SUP: 170
19049105 -1 1174888 -1 1125315 -1 SUP: 175
19049105 -1 1125315 -1 1174888 -1 SUP: 200
19049105 -1 1125315 -1 1125315 -1 SUP: 231
1174888 -1 956874 -1 19049105 -1 SUP: 167
956874 -1 19049105 -1 1174888 -1 SUP: 173
19049105 -1 1174888 -1 956874 -1 SUP: 166
1174888 -1 19049105 -1 956874 -1 SUP: 174
956874 -1 1125315 -1 19049105 -1 SUP: 187
19049105 -1 956874 -1 1125315 -1 SUP: 181
19049105 -1 1125315 -1 956874 -1 SUP: 195
956874 -1 19049105 -1 1125315 -1 SUP: 198
1125315 -1 19049105 -1 956874 -1 SUP: 212
1125315 -1 956874 -1 19049105 -1 SUP: 212
19049105 -1 956874 -1 956874 -1 SUP: 173
956874 -1 19049105 -1 956874 -1 SUP: 198
956874 -1 956874 -1 19049105 -1 SUP: 199
1174888 -1 1705674 1836430 -1 SUP: 186
1705674 1836430 -1 1174888 -1 SUP: 168
1125315 -1 1705674 1836430 -1 SUP: 223
1705674 1836430 -1 1125315 -1 SUP: 193
1174888 -1 1713332 1759842 -1 SUP: 170
1125315 -1 1742253 -1 1742253 -1 SUP: 174
1713332 1759842 -1 1125315 -1 SUP: 182
1125315 -1 1713332 1759842 -1 SUP: 211
1125315 -1 1713332 -1 1713332 -1 SUP: 170
1125315 -1 1174888 -1 1797513 -1 SUP: 171
1125315 1174888 -1 1797513 -1 SUP: 212
1797513 -1 1125315 1174888 -1 SUP: 168
1174888 -1 1174888 -1 1742253 -1 SUP: 178
1125315 1174888 -1 1786621 -1 SUP: 176
1174888 -1 1734104 -1 1174888 -1 SUP: 175
1174888 -1 1174888 -1 1734104 -1 SUP: 167
1174888 -1 1713332 -1 1174888 -1 SUP: 167
1713332 -1 1174888 -1 1174888 -1 SUP: 168
1125315 -1 1797513 -1 1125315 -1 SUP: 172
1125315 -1 1125315 -1 1797513 -1 SUP: 195
1125315 -1 1742253 -1 1174888 -1 SUP: 188
1174888 -1 1742253 -1 1125315 -1 SUP: 174
1125315 1174888 -1 1742253 -1 SUP: 244
1742253 -1 1125315 -1 1174888 -1 SUP: 165
1125315 -1 1174888 -1 1742253 -1 SUP: 202
1742253 -1 1125315 1174888 -1 SUP: 216
1174888 -1 1125315 -1 1742253 -1 SUP: 185
1174888 -1 1734104 -1 1125315 -1 SUP: 177
1734104 -1 1125315 -1 1174888 -1 SUP: 175
1125315 -1 1734104 -1 1174888 -1 SUP: 187
1734104 -1 1125315 1174888 -1 SUP: 236
1174888 -1 1125315 -1 1734104 -1 SUP: 179
1125315 1174888 -1 1734104 -1 SUP: 231
1734104 -1 1174888 -1 1125315 -1 SUP: 166
1125315 -1 1174888 -1 1734104 -1 SUP: 189
1125315 1174888 -1 1713332 -1 SUP: 234
1125315 -1 1713332 -1 1174888 -1 SUP: 195
1713332 -1 1125315 -1 1174888 -1 SUP: 190
1125315 -1 1174888 -1 1713332 -1 SUP: 192
1713332 -1 1125315 1174888 -1 SUP: 236
1174888 -1 1713332 -1 1125315 -1 SUP: 178
1713332 -1 1174888 -1 1125315 -1 SUP: 177
1742253 -1 1125315 -1 1125315 -1 SUP: 189
1125315 -1 1125315 -1 1742253 -1 SUP: 215
1125315 -1 1742253 -1 1125315 -1 SUP: 205
1125315 -1 1125315 -1 1734104 -1 SUP: 218
1734104 -1 1125315 -1 1125315 -1 SUP: 201
1125315 -1 1734104 -1 1125315 -1 SUP: 205
1713332 -1 1125315 -1 1125315 -1 SUP: 209
1125315 -1 1713332 -1 1125315 -1 SUP: 216
1125315 -1 1125315 -1 1713332 -1 SUP: 206
1551099 -1 1125315 1174888 -1 SUP: 192
1125315 1174888 -1 1551099 -1 SUP: 201
1125315 -1 1174888 -1 1551099 -1 SUP: 172
1125315 -1 956874 -1 1742253 -1 SUP: 170
1518254 -1 1125315 1174888 -1 SUP: 193
1125315 -1 1174888 -1 1518254 -1 SUP: 182
1125315 -1 1518254 -1 1174888 -1 SUP: 167
1125315 1174888 -1 1518254 -1 SUP: 223
1125315 -1 1174888 -1 1506270 -1 SUP: 165
1506270 -1 1125315 1174888 -1 SUP: 183
1125315 1174888 -1 1506270 -1 SUP: 181
1551099 -1 1125315 -1 1125315 -1 SUP: 165
1125315 -1 1551099 -1 1125315 -1 SUP: 185
1125315 -1 1125315 -1 1551099 -1 SUP: 194
1125315 -1 1125315 -1 1518254 -1 SUP: 200
1125315 -1 1518254 -1 1125315 -1 SUP: 193
1125315 -1 1125315 -1 1506270 -1 SUP: 182
1125315 -1 1506270 -1 1125315 -1 SUP: 171
1308216 -1 1125315 1174888 -1 SUP: 166
1154343 -1 1125315 1174888 -1 SUP: 182
1125315 1174888 -1 1154343 -1 SUP: 199
1125315 -1 1174888 -1 1154343 -1 SUP: 178
1125315 1174888 -1 1154029 -1 SUP: 197
1125315 -1 1153013 -1 1174888 -1 SUP: 170
1153013 -1 1125315 1174888 -1 SUP: 186
1125315 1174888 -1 1153013 -1 SUP: 217
1125315 -1 1174888 -1 1153013 -1 SUP: 179
1125315 -1 1154343 -1 1154343 -1 SUP: 166
1174888 -1 1125315 -1 1124957 -1 SUP: 169
1125315 -1 1174888 -1 1124957 -1 SUP: 183
1125315 1174888 -1 1124957 -1 SUP: 228
1125315 -1 1154343 -1 1125315 -1 SUP: 173
1125315 -1 1125315 -1 1154343 -1 SUP: 205
1125315 -1 1125315 -1 1154029 -1 SUP: 178
1125315 1153664 -1 1125315 -1 SUP: 177
1125315 -1 1153013 -1 1125315 -1 SUP: 173
1125315 -1 1125315 -1 1153013 -1 SUP: 188
1125315 -1 1124957 1125315 -1 SUP: 166
1125315 -1 1124957 -1 1125315 -1 SUP: 177
1125315 -1 1125315 -1 1124957 -1 SUP: 201
1174888 -1 956874 -1 1174888 -1 SUP: 187
956874 -1 1174888 -1 1174888 -1 SUP: 170
1125315 1174888 -1 1000560 -1 SUP: 202
974166 -1 1125315 1174888 -1 SUP: 194
956874 -1 1174888 -1 1125315 -1 SUP: 184
956874 -1 1125315 -1 1174888 -1 SUP: 207
1125315 -1 956874 -1 1174888 -1 SUP: 212
956874 -1 1125315 1174888 -1 SUP: 270
1125315 -1 1125315 -1 1000560 -1 SUP: 183
974166 -1 1125315 -1 1125315 -1 SUP: 170
956874 -1 1125315 -1 1125315 -1 SUP: 226
956874 -1 1174888 -1 956874 -1 SUP: 184
1174888 -1 956874 -1 956874 -1 SUP: 193
956874 -1 956874 -1 1174888 -1 SUP: 183
1125315 -1 956874 -1 956874 -1 SUP: 229
956874 -1 956874 -1 1125315 -1 SUP: 210
956874 -1 1125315 -1 956874 -1 SUP: 215
956874 -1 956874 -1 956874 -1 SUP: 224
1125315 1174888 -1 1174888 -1 19049105 -1 SUP: 169
1174888 -1 1125315 1174888 -1 19049105 -1 SUP: 165
1125315 1174888 -1 19049105 -1 1125315 -1 SUP: 170
1125315 1174888 -1 1125315 -1 19049105 -1 SUP: 181
1125315 -1 1125315 1174888 -1 19049105 -1 SUP: 181
1125315 -1 19049105 -1 1125315 1174888 -1 SUP: 178
1125315 -1 1125315 -1 1125315 -1 19049105 -1 SUP: 179
1125315 -1 1125315 -1 19049105 -1 1125315 -1 SUP: 167
1174888 -1 1174888 -1 1174888 -1 1174888 -1 SUP: 184
1174888 -1 1174888 -1 1174888 -1 1125315 -1 SUP: 182
1174888 -1 1125315 1174888 -1 956874 -1 SUP: 180
1125315 1174888 -1 1174888 -1 956874 -1 SUP: 177
1125315 -1 1125315 1174888 -1 956874 -1 SUP: 192
1125315 1174888 -1 956874 -1 1125315 -1 SUP: 168
1125315 1174888 -1 1125315 -1 956874 -1 SUP: 192
1125315 -1 1125315 -1 1125315 -1 956874 -1 SUP: 171
1125315 1174888 -1 1174888 -1 1125315 -1 1174888 -1 SUP: 170
1125315 -1 1125315 1174888 -1 1174888 -1 1174888 -1 SUP: 169
1125315 -1 1174888 -1 1174888 -1 1125315 1174888 -1 SUP: 173
1125315 -1 1174888 -1 1125315 1174888 -1 1174888 -1 SUP: 177
1174888 -1 1125315 1174888 -1 1125315 -1 1174888 -1 SUP: 166
1174888 -1 1125315 -1 1125315 1174888 -1 1174888 -1 SUP: 169
1174888 -1 1125315 -1 1125315 1174888 -1 1125315 -1 SUP: 173
1125315 1174888 -1 1125315 -1 1125315 -1 1174888 -1 SUP: 179
1125315 -1 1125315 1174888 -1 1174888 -1 1125315 -1 SUP: 171
1125315 1174888 -1 1174888 -1 1125315 -1 1125315 -1 SUP: 176
1174888 -1 1125315 -1 1125315 -1 1125315 1174888 -1 SUP: 173
1125315 -1 1174888 -1 1125315 1174888 -1 1125315 -1 SUP: 180
1125315 -1 1125315 1174888 -1 1125315 -1 1174888 -1 SUP: 175
1125315 -1 1174888 -1 1125315 -1 1125315 1174888 -1 SUP: 180
1174888 -1 1125315 1174888 -1 1125315 -1 1125315 -1 SUP: 177
1125315 1174888 -1 1125315 -1 1174888 -1 1125315 -1 SUP: 172
1125315 1174888 -1 1125315 -1 1125315 -1 1125315 -1 SUP: 185
1125315 -1 1125315 1174888 -1 1125315 -1 1125315 -1 SUP: 189
1125315 -1 1125315 -1 1125315 -1 1125315 -1 1125315 -1 SUP: 185
1125315 1174888 -1 1125315 1174888 -1 1125315 1174888 -1 SUP: 199
1125315 -1 1125315 -1 1125315 1174888 -1 1125315 1174888 -1 SUP: 165
