19121608 -1 SUP: 4925
1797513 -1 SUP: 3559
1786621 -1 SUP: 3315
1742253 -1 SUP: 3893
1734104 -1 SUP: 4591
1551099 -1 SUP: 3693
1518254 -1 SUP: 3436
1506270 -1 SUP: 3764
1308216 -1 SUP: 3897
1307046 -1 SUP: 3870
1154343 -1 SUP: 3958
1154029 -1 SUP: 3552
1153013 -1 SUP: 3141
1124957 -1 SUP: 3586
1000560 -1 SUP: 3360
974166 -1 SUP: 3173
708298 -1 SUP: 2902
1125315 -1 19049105 -1 SUP: 3216
19049105 -1 1125315 -1 SUP: 2975
1713332 -1 1125315 -1 SUP: 3085
1125315 -1 1713332 -1 SUP: 3201
1174888 -1 956874 -1 SUP: 2934
1125315 -1 956874 -1 SUP: 3445
956874 -1 1125315 -1 SUP: 3169
956874 -1 956874 -1 SUP: 2939
1125315 -1 1174888 -1 1125315 -1 SUP: 2950
1125315 -1 1125315 -1 1174888 -1 SUP: 2991
1125315 -1 1125315 -1 1125315 -1 SUP: 3371
1125315 1174888 -1 1125315 1174888 -1 SUP: 3152
