19136030 -1 SUP: 1569
19055720 -1 SUP: 2417
1777806 -1 SUP: 1549
1754994 -1 SUP: 1765
1738521 -1 SUP: 1828
1716903 -1 SUP: 1673
1707164 -1 SUP: 1633
1502905 -1 SUP: 1479
1501700 -1 SUP: 1692
1361711 -1 SUP: 1756
1326303 -1 SUP: 1595
1322184 -1 SUP: 2058
1177480 -1 SUP: 1837
1163944 -1 SUP: 1982
1137529 -1 SUP: 1497
1136980 -1 SUP: 1665
1129625 -1 SUP: 1629
1126658 -1 SUP: 1571
1112921 -1 SUP: 1752
1110410 -1 SUP: 2033
1103314 -1 SUP: 1965
997881 -1 SUP: 1624
989878 -1 SUP: 2088
975125 -1 SUP: 1648
970250 -1 SUP: 2098
948078 -1 SUP: 1950
923645 -1 SUP: 2049
922570 -1 SUP: 1533
906780 -1 SUP: 1725
904453 -1 SUP: 1526
797399 -1 SUP: 1813
781039 -1 SUP: 1946
778711 -1 SUP: 1876
744740 -1 SUP: 2202
586413 -1 SUP: 1683
19121608 -1 19121608 -1 SUP: 2223
19049105 -1 19121608 -1 SUP: 1596
19049105 -1 19049105 -1 SUP: 2344
1734104 -1 19121608 -1 SUP: 1549
1713332 -1 19121608 -1 SUP: 1698
1742253 -1 19049105 -1 SUP: 1597
19049105 -1 1742253 -1 SUP: 1554
19049105 -1 1734104 -1 SUP: 1674
1734104 -1 19049105 -1 SUP: 1829
1713332 -1 19049105 -1 SUP: 1959
19049105 -1 1713332 -1 SUP: 1886
1308216 -1 19049105 -1 SUP: 1531
1307046 -1 19049105 -1 SUP: 1541
19049105 -1 1154343 -1 SUP: 1540
1154343 -1 19049105 -1 SUP: 1544
19121608 -1 956874 -1 SUP: 1569
956874 -1 19121608 -1 SUP: 1737
974166 -1 19049105 -1 SUP: 1501
19049105 -1 956874 -1 SUP: 2481
956874 19049105 -1 SUP: 1944
1713332 -1 1797513 -1 SUP: 1592
1786621 -1 1713332 -1 SUP: 1484
1742253 -1 1742253 -1 SUP: 1701
1734104 -1 1742253 -1 SUP: 1617
1759842 -1 1713332 -1 SUP: 1485
1734104 -1 1734104 -1 SUP: 2174
1713332 -1 1742253 -1 SUP: 1564
1734104 -1 1713332 -1 SUP: 1883
1713332 -1 1734104 -1 SUP: 1896
1734104 -1 1551099 -1 SUP: 1616
1713332 -1 1551099 -1 SUP: 1542
1551099 -1 1551099 -1 SUP: 1767
1506270 -1 1506270 -1 SUP: 1751
1154343 -1 1734104 -1 SUP: 1589
1734104 -1 1154343 -1 SUP: 1709
1713332 -1 1154343 -1 SUP: 1560
956874 -1 1797513 -1 SUP: 1496
1539403 -1 1174888 -1 SUP: 1486
1551099 -1 1154343 -1 SUP: 1486
1154343 -1 1551099 -1 SUP: 1558
956874 -1 1742253 -1 SUP: 1650
1742253 -1 956874 -1 SUP: 1708
1518254 -1 1174888 -1 SUP: 1475
956874 -1 1734104 -1 SUP: 1765
1734104 -1 956874 -1 SUP: 1922
1545958 -1 1125315 -1 SUP: 1571
1713332 -1 956874 -1 SUP: 2066
956874 -1 1713332 -1 SUP: 1999
1125315 -1 1539403 -1 SUP: 1615
1539403 -1 1125315 -1 SUP: 1729
1518254 -1 1125315 -1 SUP: 1682
1503297 -1 1125315 -1 SUP: 1487
1308216 -1 1308216 -1 SUP: 1890
1307046 -1 1307046 -1 SUP: 1802
1551099 -1 956874 -1 SUP: 1584
956874 -1 1551099 -1 SUP: 1505
1125315 -1 1346823 -1 SUP: 1555
1346823 -1 1125315 -1 SUP: 1518
1332418 -1 1125315 -1 SUP: 1585
1125315 -1 1310149 -1 SUP: 1576
1201620 -1 1174888 -1 SUP: 1586
1174888 -1 1201620 -1 SUP: 1547
1174888 -1 1154029 -1 SUP: 1590
1153013 -1 1174888 -1 SUP: 1699
1201620 -1 1125315 -1 SUP: 1821
1125315 -1 1201620 -1 SUP: 1880
1149380 -1 1174888 -1 SUP: 1485
1174888 -1 1149380 -1 SUP: 1551
1154343 -1 1154343 -1 SUP: 1950
1124957 -1 1174888 -1 SUP: 1825
1154029 -1 1125315 -1 SUP: 1487
1125315 -1 1154029 -1 SUP: 1888
1125315 1153664 -1 SUP: 1843
1153664 -1 1125315 -1 SUP: 1564
1125315 -1 1153664 -1 SUP: 1530
1153013 -1 1125315 -1 SUP: 1909
1149380 -1 1125315 -1 SUP: 1710
1125315 -1 1149380 -1 SUP: 1766
1308216 -1 956874 -1 SUP: 1766
1307046 -1 956874 -1 SUP: 1718
1124957 -1 1124957 -1 SUP: 1586
1174888 -1 1000560 -1 SUP: 1671
1125315 -1 1000560 -1 SUP: 1981
956874 -1 1154343 -1 SUP: 1703
1154343 -1 956874 -1 SUP: 1754
1125315 -1 974166 -1 SUP: 1688
1124957 -1 956874 -1 SUP: 1489
1125315 -1 903963 -1 SUP: 1719
903963 -1 1125315 -1 SUP: 1622
967823 986417 -1 SUP: 1514
974166 -1 974166 -1 SUP: 1685
974166 -1 956874 -1 SUP: 1497
1125315 -1 791967 -1 SUP: 1481
1125315 -1 744740 -1 SUP: 1617
708298 1154029 -1 SUP: 2151
1125315 1174888 -1 19121608 -1 SUP: 1869
19121608 -1 1125315 1174888 -1 SUP: 1583
1174888 -1 1174888 -1 19049105 -1 SUP: 1557
1174888 -1 19049105 -1 1174888 -1 SUP: 1478
1125315 -1 1125315 -1 19121608 -1 SUP: 1608
1125315 -1 19121608 -1 1125315 -1 SUP: 1499
1174888 -1 1125315 -1 19049105 -1 SUP: 1692
19049105 -1 1125315 -1 1174888 -1 SUP: 1584
19049105 -1 1125315 1174888 -1 SUP: 2202
1125315 1174888 -1 19049105 -1 SUP: 2364
1125315 -1 1174888 -1 19049105 -1 SUP: 1786
19049105 -1 1174888 -1 1125315 -1 SUP: 1510
1125315 -1 19049105 -1 1174888 -1 SUP: 1652
1174888 -1 19049105 -1 1125315 -1 SUP: 1608
19049105 -1 1125315 -1 1125315 -1 SUP: 1797
1125315 -1 19049105 -1 1125315 -1 SUP: 1912
1125315 -1 1125315 -1 19049105 -1 SUP: 2032
1125315 -1 956874 -1 19049105 -1 SUP: 1476
1713332 -1 1713332 1759842 -1 SUP: 1505
1713332 -1 1713332 -1 1713332 -1 SUP: 1577
1174888 -1 1705674 1836430 -1 SUP: 1526
1125315 -1 1705674 1836430 -1 SUP: 1809
1705674 1836430 -1 1125315 -1 SUP: 1606
1174888 -1 1713332 1759842 -1 SUP: 1590
1713332 1759842 -1 1174888 -1 SUP: 1507
1713332 -1 1713332 -1 1174888 -1 SUP: 1478
1125315 -1 1713332 1759842 -1 SUP: 1877
1713332 1759842 -1 1125315 -1 SUP: 1705
1713332 -1 1713332 -1 1125315 -1 SUP: 1678
1713332 -1 1125315 -1 1713332 -1 SUP: 1600
1125315 -1 1713332 -1 1713332 -1 SUP: 1710
1797513 -1 1125315 1174888 -1 SUP: 1651
1125315 1174888 -1 1797513 -1 SUP: 1811
1125315 1174888 -1 1786621 -1 SUP: 1667
1786621 -1 1125315 1174888 -1 SUP: 1576
1174888 -1 1734104 -1 1174888 -1 SUP: 1524
1174888 -1 1174888 -1 1734104 -1 SUP: 1497
1734104 -1 1174888 -1 1174888 -1 SUP: 1473
1713332 -1 1174888 -1 1174888 -1 SUP: 1631
1174888 -1 1174888 -1 1713332 -1 SUP: 1617
1174888 -1 1713332 -1 1174888 -1 SUP: 1655
1125315 -1 1125315 -1 1797513 -1 SUP: 1590
1125315 -1 1797513 -1 1125315 -1 SUP: 1538
1125315 -1 1174888 -1 1742253 -1 SUP: 1512
1742253 -1 1125315 1174888 -1 SUP: 1744
1125315 1174888 -1 1742253 -1 SUP: 1881
1125315 -1 1786621 -1 1125315 -1 SUP: 1493
1125315 -1 1125315 -1 1786621 -1 SUP: 1488
1125315 -1 1174888 -1 1734104 -1 SUP: 1662
1174888 -1 1734104 -1 1125315 -1 SUP: 1595
1174888 -1 1125315 -1 1734104 -1 SUP: 1608
1734104 -1 1125315 1174888 -1 SUP: 2121
1125315 -1 1734104 -1 1174888 -1 SUP: 1663
1734104 -1 1174888 -1 1125315 -1 SUP: 1555
1125315 1174888 -1 1734104 -1 SUP: 2128
1734104 -1 1125315 -1 1174888 -1 SUP: 1614
1125315 -1 1742253 -1 1125315 -1 SUP: 1637
1125315 -1 1125315 -1 1742253 -1 SUP: 1650
1125315 -1 1125315 -1 1734104 -1 SUP: 1866
1125315 -1 1734104 -1 1125315 -1 SUP: 1844
1734104 -1 1125315 -1 1125315 -1 SUP: 1809
1125315 1174888 -1 1551099 -1 SUP: 1789
1551099 -1 1125315 1174888 -1 SUP: 1611
1125315 1174888 -1 1518254 -1 SUP: 1475
1506270 -1 1125315 1174888 -1 SUP: 1600
1125315 1174888 -1 1506270 -1 SUP: 1647
1125315 -1 1551099 -1 1125315 -1 SUP: 1480
1125315 -1 1125315 -1 1551099 -1 SUP: 1570
1125315 -1 1506270 -1 1125315 -1 SUP: 1505
1125315 -1 1125315 -1 1506270 -1 SUP: 1497
1125315 1174888 -1 1308216 -1 SUP: 1502
1308216 -1 1125315 1174888 -1 SUP: 1730
1125315 1174888 -1 1307046 -1 SUP: 1585
1307046 -1 1125315 1174888 -1 SUP: 1692
1125315 1174888 -1 1154343 -1 SUP: 1802
1154343 -1 1125315 1174888 -1 SUP: 1652
1125315 1174888 -1 1153013 -1 SUP: 1566
1125315 -1 1174888 -1 1124957 -1 SUP: 1491
1125315 1174888 -1 1124957 -1 SUP: 1838
1125315 -1 1154343 -1 1125315 -1 SUP: 1476
1125315 -1 1125315 -1 1154343 -1 SUP: 1583
1125315 -1 1125315 -1 1124957 -1 SUP: 1708
1125315 -1 1124957 1125315 -1 SUP: 1477
1125315 -1 1124957 -1 1125315 -1 SUP: 1556
956874 -1 1174888 -1 1174888 -1 SUP: 1484
1174888 -1 956874 -1 1174888 -1 SUP: 1512
1174888 -1 1174888 -1 956874 -1 SUP: 1686
974166 -1 1125315 1174888 -1 SUP: 1625
1125315 -1 956874 -1 1174888 -1 SUP: 1680
956874 -1 1125315 -1 1174888 -1 SUP: 1685
1174888 -1 956874 -1 1125315 -1 SUP: 1621
956874 -1 1174888 -1 1125315 -1 SUP: 1576
956874 -1 1125315 1174888 -1 SUP: 2314
956874 -1 1125315 -1 1125315 -1 SUP: 1886
1125315 -1 956874 -1 1125315 -1 SUP: 1925
956874 -1 1125315 -1 956874 -1 SUP: 1693
956874 -1 956874 -1 1125315 -1 SUP: 1583
1125315 -1 956874 -1 956874 -1 SUP: 1727
956874 -1 956874 -1 956874 -1 SUP: 1742
1125315 -1 1125315 1174888 -1 1713332 -1 SUP: 1512
1713332 -1 1125315 1174888 -1 1125315 -1 SUP: 1481
1125315 -1 1713332 -1 1125315 1174888 -1 SUP: 1582
1125315 1174888 -1 1125315 -1 1713332 -1 SUP: 1487
1713332 -1 1125315 -1 1125315 1174888 -1 SUP: 1541
1125315 1174888 -1 1713332 -1 1125315 -1 SUP: 1524
1125315 -1 1125315 1174888 -1 956874 -1 SUP: 1571
1125315 1174888 -1 1125315 -1 956874 -1 SUP: 1562
1174888 -1 1174888 -1 1174888 -1 1125315 1174888 -1 SUP: 1492
1174888 -1 1125315 1174888 -1 1174888 -1 1174888 -1 SUP: 1493
1125315 1174888 -1 1174888 -1 1174888 -1 1174888 -1 SUP: 1475
1174888 -1 1174888 -1 1125315 1174888 -1 1174888 -1 SUP: 1480
1174888 -1 1174888 -1 1125315 1174888 -1 1125315 -1 SUP: 1530
1174888 -1 1125315 1174888 -1 1174888 -1 1125315 -1 SUP: 1533
1174888 -1 1125315 -1 1125315 1174888 -1 1174888 -1 SUP: 1536
1174888 -1 1125315 -1 1174888 -1 1125315 1174888 -1 SUP: 1582
1125315 -1 1174888 -1 1174888 -1 1125315 1174888 -1 SUP: 1603
1125315 1174888 -1 1125315 -1 1174888 -1 1174888 -1 SUP: 1538
1125315 1174888 -1 1174888 -1 1125315 -1 1174888 -1 SUP: 1554
1125315 1174888 -1 1174888 -1 1174888 -1 1125315 -1 SUP: 1501
1125315 -1 1174888 -1 1125315 1174888 -1 1174888 -1 SUP: 1581
1125315 -1 1125315 1174888 -1 1174888 -1 1174888 -1 SUP: 1566
1174888 -1 1125315 1174888 -1 1125315 -1 1174888 -1 SUP: 1556
1174888 -1 1174888 -1 1125315 -1 1125315 1174888 -1 SUP: 1540
1125315 1174888 -1 1174888 -1 1125315 -1 1125315 -1 SUP: 1608
1174888 -1 1125315 -1 1125315 1174888 -1 1125315 -1 SUP: 1597
1174888 -1 1125315 1174888 -1 1125315 -1 1125315 -1 SUP: 1611
1125315 1174888 -1 1125315 -1 1174888 -1 1125315 -1 SUP: 1590
1174888 -1 1125315 -1 1125315 -1 1125315 1174888 -1 SUP: 1625
1125315 1174888 -1 1125315 -1 1125315 -1 1174888 -1 SUP: 1626
1125315 -1 1125315 -1 1174888 -1 1125315 -1 1125315 -1 SUP: 1495
1125315 1174888 -1 1125315 -1 1125315 -1 1125315 -1 SUP: 1707
1125315 -1 1125315 -1 1125315 -1 1125315 -1 1125315 -1 SUP: 1694
1125315 1174888 -1 1125315 1174888 -1 1125315 1174888 -1 SUP: 1862
1125315 -1 1125315 1174888 -1 1125315 1174888 -1 1125315 -1 SUP: 1487
1125315 -1 1125315 1174888 -1 1125315 -1 1125315 1174888 -1 SUP: 1476
1125315 -1 1125315 -1 1125315 1174888 -1 1125315 1174888 -1 SUP: 1530
