19121608 -1 SUP: 505
19055720 -1 SUP: 382
1797513 -1 SUP: 436
1786621 -1 SUP: 373
1551099 -1 SUP: 498
1518254 -1 SUP: 557
1506270 -1 SUP: 439
1308216 -1 SUP: 362
1307046 -1 SUP: 384
1154343 -1 SUP: 496
1154029 -1 SUP: 443
1153013 -1 SUP: 422
1000560 -1 SUP: 493
974166 -1 SUP: 362
791967 -1 SUP: 369
19049105 -1 19049105 -1 SUP: 357
19049105 -1 1174888 -1 SUP: 361
1174888 -1 19049105 -1 SUP: 362
19049105 -1 1125315 -1 SUP: 427
1125315 -1 19049105 -1 SUP: 458
956874 -1 19049105 -1 SUP: 376
19049105 -1 956874 -1 SUP: 360
1705674 1836430 -1 SUP: 334
1125315 -1 1742253 -1 SUP: 357
1125315 -1 1734104 -1 SUP: 332
1734104 -1 1125315 -1 SUP: 335
1713332 -1 1125315 -1 SUP: 337
1125315 -1 1713332 -1 SUP: 349
1125315 -1 1518254 -1 SUP: 334
1125315 -1 1124957 -1 SUP: 344
956874 -1 1174888 -1 SUP: 344
1174888 -1 956874 -1 SUP: 385
1125315 -1 956874 -1 SUP: 458
956874 -1 1125315 -1 SUP: 406
956874 -1 956874 -1 SUP: 388
1125315 -1 1125315 -1 1174888 -1 SUP: 343
1125315 -1 1125315 -1 1125315 -1 SUP: 382
1125315 1174888 -1 1125315 1174888 -1 SUP: 337
