19121608 -1 SUP: 5039
1797513 -1 SUP: 3636
1786621 -1 SUP: 3370
1742253 -1 SUP: 3937
1734104 -1 SUP: 4683
1551099 -1 SUP: 3739
1518254 -1 SUP: 3483
1506270 -1 SUP: 3825
1308216 -1 SUP: 3972
1307046 -1 SUP: 3935
1154343 -1 SUP: 4002
1154029 -1 SUP: 3613
1153013 -1 SUP: 3190
1124957 -1 SUP: 3639
1000560 -1 SUP: 3406
974166 -1 SUP: 3249
708298 -1 SUP: 2957
1125315 -1 19049105 -1 SUP: 3283
19049105 -1 1125315 -1 SUP: 3030
1713332 -1 1125315 -1 SUP: 3141
1125315 -1 1713332 -1 SUP: 3262
1174888 -1 956874 -1 SUP: 2981
956874 -1 1125315 -1 SUP: 3224
1125315 -1 956874 -1 SUP: 3504
956874 -1 956874 -1 SUP: 2997
1125315 -1 1125315 -1 1174888 -1 SUP: 3042
1125315 -1 1174888 -1 1125315 -1 SUP: 3001
1125315 -1 1125315 -1 1125315 -1 SUP: 3428
1125315 1174888 -1 1125315 1174888 -1 SUP: 3209
