2108115 -1 #SUP: 17
2211327 -1 #SUP: 12
2211359 -1 #SUP: 17
2211361 -1 #SUP: 18
2212090 -1 #SUP: 17
2212093 -1 #SUP: 18
2212095 -1 #SUP: 17
2212166 -1 #SUP: 13
2212392 -1 #SUP: 15
2212453 -1 #SUP: 13
2212470 -1 #SUP: 11
2212593 -1 #SUP: 14
2212648 -1 #SUP: 17
2212731 -1 #SUP: 16
2313814 -1 #SUP: 14
2313815 -1 #SUP: 11
2313816 -1 #SUP: 17
2313870 -1 #SUP: 12
2313879 -1 #SUP: 13
2313881 -1 #SUP: 15
2414396 -1 #SUP: 16
2414397 -1 #SUP: 20
2414398 -1 #SUP: 19
2514406 -1 #SUP: 14
2514408 -1 #SUP: 16
2514409 -1 #SUP: 14
2514413 -1 #SUP: 11
2514414 -1 #SUP: 13
2514437 -1 #SUP: 14
2614666 -1 #SUP: 12
4126965 -1 #SUP: 20
4141759 -1 #SUP: 12
2108115 -1 2108115 -1 #SUP: 15
2108115 -1 2211359 -1 #SUP: 12
2211359 -1 2108115 -1 #SUP: 13
2108115 -1 2211361 -1 #SUP: 13
2211361 -1 2108115 -1 #SUP: 14
2108115 -1 2212090 -1 #SUP: 12
2212090 -1 2108115 -1 #SUP: 14
2108115 -1 2212093 -1 #SUP: 15
2212093 -1 2108115 -1 #SUP: 14
2108115 2212093 -1 #SUP: 14
2108115 -1 2212095 -1 #SUP: 15
2212095 -1 2108115 -1 #SUP: 16
2108115 2212095 -1 #SUP: 15
2108115 -1 2212166 -1 #SUP: 11
2212392 -1 2108115 -1 #SUP: 13
2108115 2212392 -1 #SUP: 12
2108115 -1 2212453 -1 #SUP: 12
2212453 -1 2108115 -1 #SUP: 11
2108115 -1 2212593 -1 #SUP: 13
2108115 2212593 -1 #SUP: 11
2108115 -1 2212648 -1 #SUP: 14
2212648 -1 2108115 -1 #SUP: 14
2108115 2212648 -1 #SUP: 14
2108115 -1 2212731 -1 #SUP: 13
2212731 -1 2108115 -1 #SUP: 12
2108115 -1 2313814 -1 #SUP: 11
2313814 -1 2108115 -1 #SUP: 12
2108115 -1 2313815 -1 #SUP: 11
2108115 -1 2313816 -1 #SUP: 13
2313816 -1 2108115 -1 #SUP: 12
2313881 -1 2108115 -1 #SUP: 11
2108115 -1 2414396 -1 #SUP: 13
2414396 -1 2108115 -1 #SUP: 15
2108115 -1 2414397 -1 #SUP: 17
2414397 -1 2108115 -1 #SUP: 17
2108115 2414397 -1 #SUP: 12
2108115 -1 2414398 -1 #SUP: 13
2414398 -1 2108115 -1 #SUP: 13
2514414 -1 2108115 -1 #SUP: 11
2108115 -1 2514437 -1 #SUP: 11
2514437 -1 2108115 -1 #SUP: 12
2108115 -1 4126965 -1 #SUP: 14
4126965 -1 2108115 -1 #SUP: 14
2211327 -1 2212090 -1 #SUP: 11
2211327 -1 2313816 -1 #SUP: 11
2211327 -1 2414397 -1 #SUP: 12
2211327 -1 4126965 -1 #SUP: 12
2211359 -1 2211359 -1 #SUP: 14
2211359 -1 2211361 -1 #SUP: 14
2211361 -1 2211359 -1 #SUP: 13
2211359 -1 2212090 -1 #SUP: 14
2211359 -1 2212093 -1 #SUP: 12
2212093 -1 2211359 -1 #SUP: 11
2211359 -1 2212095 -1 #SUP: 12
2212095 -1 2211359 -1 #SUP: 12
2212392 -1 2211359 -1 #SUP: 11
2211359 -1 2212593 -1 #SUP: 12
2211359 -1 2212648 -1 #SUP: 12
2212648 -1 2211359 -1 #SUP: 12
2211359 -1 2212731 -1 #SUP: 12
2212731 -1 2211359 -1 #SUP: 11
2313814 -1 2211359 -1 #SUP: 11
2211359 -1 2313816 -1 #SUP: 15
2313816 -1 2211359 -1 #SUP: 13
2211359 2313816 -1 #SUP: 15
2313881 -1 2211359 -1 #SUP: 11
2211359 -1 2414396 -1 #SUP: 12
2414396 -1 2211359 -1 #SUP: 13
2211359 -1 2414397 -1 #SUP: 14
2414397 -1 2211359 -1 #SUP: 16
2211359 -1 2414398 -1 #SUP: 14
2414398 -1 2211359 -1 #SUP: 13
2211359 -1 2514406 -1 #SUP: 11
2514406 -1 2211359 -1 #SUP: 12
2211359 -1 2514408 -1 #SUP: 14
2514408 -1 2211359 -1 #SUP: 12
2211359 -1 2514409 -1 #SUP: 13
2514409 -1 2211359 -1 #SUP: 11
2211359 -1 2514414 -1 #SUP: 11
2514414 -1 2211359 -1 #SUP: 11
2514437 -1 2211359 -1 #SUP: 12
2211359 -1 4126965 -1 #SUP: 16
4126965 -1 2211359 -1 #SUP: 15
2211359 4126965 -1 #SUP: 15
2211361 -1 2211361 -1 #SUP: 12
2211361 -1 2212090 -1 #SUP: 15
2212090 -1 2211361 -1 #SUP: 14
2211361 -1 2212093 -1 #SUP: 12
2212093 -1 2211361 -1 #SUP: 14
2211361 -1 2212095 -1 #SUP: 13
2212095 -1 2211361 -1 #SUP: 13
2211361 -1 2212166 -1 #SUP: 11
2212392 -1 2211361 -1 #SUP: 11
2211361 -1 2212453 -1 #SUP: 11
2211361 -1 2212648 -1 #SUP: 13
2212648 -1 2211361 -1 #SUP: 13
2211361 -1 2212731 -1 #SUP: 11
2212731 -1 2211361 -1 #SUP: 11
2313814 -1 2211361 -1 #SUP: 12
2211361 -1 2313816 -1 #SUP: 13
2313816 -1 2211361 -1 #SUP: 13
2313879 -1 2211361 -1 #SUP: 11
2313881 -1 2211361 -1 #SUP: 13
2211361 -1 2414396 -1 #SUP: 11
2414396 -1 2211361 -1 #SUP: 12
2211361 -1 2414397 -1 #SUP: 15
2414397 -1 2211361 -1 #SUP: 16
2211361 -1 2414398 -1 #SUP: 14
2414398 -1 2211361 -1 #SUP: 15
2514406 -1 2211361 -1 #SUP: 12
2211361 -1 2514408 -1 #SUP: 13
2514408 -1 2211361 -1 #SUP: 13
2514409 -1 2211361 -1 #SUP: 12
2514414 -1 2211361 -1 #SUP: 11
2514437 -1 2211361 -1 #SUP: 12
2211361 -1 4126965 -1 #SUP: 16
4126965 -1 2211361 -1 #SUP: 16
2212090 -1 2212090 -1 #SUP: 15
2212090 -1 2212093 -1 #SUP: 13
2212093 -1 2212090 -1 #SUP: 15
2212090 -1 2212095 -1 #SUP: 15
2212095 -1 2212090 -1 #SUP: 15
2212392 -1 2212090 -1 #SUP: 14
2212470 -1 2212090 -1 #SUP: 11
2212090 -1 2212593 -1 #SUP: 12
2212090 -1 2212648 -1 #SUP: 15
2212648 -1 2212090 -1 #SUP: 15
2212090 2212648 -1 #SUP: 12
2212090 -1 2212731 -1 #SUP: 13
2212731 -1 2212090 -1 #SUP: 14
2212090 -1 2313814 -1 #SUP: 11
2313814 -1 2212090 -1 #SUP: 12
2212090 -1 2313816 -1 #SUP: 13
2313816 -1 2212090 -1 #SUP: 14
2313881 -1 2212090 -1 #SUP: 12
2212090 -1 2414396 -1 #SUP: 11
2414396 -1 2212090 -1 #SUP: 14
2212090 -1 2414397 -1 #SUP: 16
2414397 -1 2212090 -1 #SUP: 16
2212090 -1 2414398 -1 #SUP: 14
2414398 -1 2212090 -1 #SUP: 15
2514406 -1 2212090 -1 #SUP: 12
2212090 -1 2514408 -1 #SUP: 11
2514408 -1 2212090 -1 #SUP: 13
2514409 -1 2212090 -1 #SUP: 11
2514414 -1 2212090 -1 #SUP: 11
2514437 -1 2212090 -1 #SUP: 12
2212090 -1 4126965 -1 #SUP: 16
4126965 -1 2212090 -1 #SUP: 15
2212093 -1 2212093 -1 #SUP: 13
2212093 -1 2212095 -1 #SUP: 13
2212095 -1 2212093 -1 #SUP: 16
2212093 2212095 -1 #SUP: 14
2212093 -1 2212166 -1 #SUP: 12
2212093 -1 2212392 -1 #SUP: 11
2212392 -1 2212093 -1 #SUP: 12
2212093 -1 2212593 -1 #SUP: 11
2212093 -1 2212648 -1 #SUP: 14
2212648 -1 2212093 -1 #SUP: 14
2212093 2212648 -1 #SUP: 14
2212093 -1 2212731 -1 #SUP: 14
2212731 -1 2212093 -1 #SUP: 12
2212093 2212731 -1 #SUP: 11
2313814 -1 2212093 -1 #SUP: 11
2212093 -1 2313816 -1 #SUP: 13
2313816 -1 2212093 -1 #SUP: 12
2313881 -1 2212093 -1 #SUP: 11
2414396 -1 2212093 -1 #SUP: 15
2212093 -1 2414397 -1 #SUP: 16
2414397 -1 2212093 -1 #SUP: 18
2212093 -1 2414398 -1 #SUP: 15
2414398 -1 2212093 -1 #SUP: 15
2212093 -1 2514408 -1 #SUP: 11
2514437 -1 2212093 -1 #SUP: 12
2212093 -1 4126965 -1 #SUP: 15
4126965 -1 2212093 -1 #SUP: 15
2212095 -1 2212095 -1 #SUP: 14
2212095 -1 2212166 -1 #SUP: 12
2212095 -1 2212392 -1 #SUP: 11
2212392 -1 2212095 -1 #SUP: 13
2212095 -1 2212453 -1 #SUP: 11
2212095 -1 2212593 -1 #SUP: 13
2212095 -1 2212648 -1 #SUP: 15
2212648 -1 2212095 -1 #SUP: 14
2212095 2212648 -1 #SUP: 14
2212095 -1 2212731 -1 #SUP: 13
2212731 -1 2212095 -1 #SUP: 12
2212095 -1 2313814 -1 #SUP: 11
2313814 -1 2212095 -1 #SUP: 12
2212095 -1 2313816 -1 #SUP: 13
2313816 -1 2212095 -1 #SUP: 13
2313881 -1 2212095 -1 #SUP: 12
2414396 -1 2212095 -1 #SUP: 14
2212095 -1 2414397 -1 #SUP: 17
2414397 -1 2212095 -1 #SUP: 17
2212095 -1 2414398 -1 #SUP: 13
2414398 -1 2212095 -1 #SUP: 14
2212095 -1 2514408 -1 #SUP: 11
2514437 -1 2212095 -1 #SUP: 11
2212095 -1 4126965 -1 #SUP: 15
4126965 -1 2212095 -1 #SUP: 14
2212648 -1 2212166 -1 #SUP: 11
2212166 -1 2414397 -1 #SUP: 12
2414397 -1 2212166 -1 #SUP: 13
2414398 -1 2212166 -1 #SUP: 11
2212166 -1 4126965 -1 #SUP: 12
2212392 -1 2212392 -1 #SUP: 11
2212392 -1 2212593 -1 #SUP: 11
2212392 -1 2212648 -1 #SUP: 14
2212648 -1 2212392 -1 #SUP: 12
2212392 2212648 -1 #SUP: 11
2212392 -1 2212731 -1 #SUP: 11
2212392 -1 2313816 -1 #SUP: 11
2212392 -1 2414397 -1 #SUP: 14
2414397 -1 2212392 -1 #SUP: 13
2212392 -1 2414398 -1 #SUP: 12
2212392 -1 2514408 -1 #SUP: 11
2212392 -1 4126965 -1 #SUP: 14
4126965 -1 2212392 -1 #SUP: 13
2212453 -1 2212593 -1 #SUP: 11
2212453 -1 2212648 -1 #SUP: 11
2212648 -1 2212453 -1 #SUP: 11
2212453 2212648 -1 #SUP: 11
2414396 -1 2212453 -1 #SUP: 11
2212453 -1 2414397 -1 #SUP: 13
2414397 -1 2212453 -1 #SUP: 13
2212453 -1 2414398 -1 #SUP: 11
2414398 -1 2212453 -1 #SUP: 12
4126965 -1 2212453 -1 #SUP: 11
2414397 -1 2212470 -1 #SUP: 11
2212648 -1 2212593 -1 #SUP: 12
2212593 2212648 -1 #SUP: 11
2313816 -1 2212593 -1 #SUP: 11
2414396 -1 2212593 -1 #SUP: 12
2212593 -1 2414397 -1 #SUP: 14
2414397 -1 2212593 -1 #SUP: 14
2414398 -1 2212593 -1 #SUP: 11
4126965 -1 2212593 -1 #SUP: 12
2212648 -1 2212648 -1 #SUP: 15
2212648 -1 2212731 -1 #SUP: 14
2212731 -1 2212648 -1 #SUP: 13
2212648 2212731 -1 #SUP: 13
2212648 -1 2313814 -1 #SUP: 12
2212648 -1 2313816 -1 #SUP: 13
2313816 -1 2212648 -1 #SUP: 13
2414396 -1 2212648 -1 #SUP: 14
2212648 -1 2414397 -1 #SUP: 16
2414397 -1 2212648 -1 #SUP: 16
2212648 -1 2414398 -1 #SUP: 15
2414398 -1 2212648 -1 #SUP: 14
2212648 -1 2514406 -1 #SUP: 11
2514406 -1 2212648 -1 #SUP: 11
2212648 -1 2514408 -1 #SUP: 12
2514437 -1 2212648 -1 #SUP: 12
2212648 -1 4126965 -1 #SUP: 15
4126965 -1 2212648 -1 #SUP: 15
2212731 -1 2212731 -1 #SUP: 11
2313814 -1 2212731 -1 #SUP: 11
2212731 -1 2313816 -1 #SUP: 13
2313816 -1 2212731 -1 #SUP: 12
2313881 -1 2212731 -1 #SUP: 11
2414396 -1 2212731 -1 #SUP: 11
2212731 -1 2414397 -1 #SUP: 13
2414397 -1 2212731 -1 #SUP: 15
2212731 -1 2414398 -1 #SUP: 13
2414398 -1 2212731 -1 #SUP: 14
2514406 -1 2212731 -1 #SUP: 11
2212731 -1 2514408 -1 #SUP: 11
2514437 -1 2212731 -1 #SUP: 11
2212731 -1 4126965 -1 #SUP: 15
4126965 -1 2212731 -1 #SUP: 15
2313814 -1 2313816 -1 #SUP: 13
2313881 -1 2313814 -1 #SUP: 11
2313814 -1 2414397 -1 #SUP: 13
2414397 -1 2313814 -1 #SUP: 14
2313814 -1 2414398 -1 #SUP: 13
2414398 -1 2313814 -1 #SUP: 11
2313814 -1 4126965 -1 #SUP: 14
4126965 -1 2313814 -1 #SUP: 11
2414397 -1 2313815 -1 #SUP: 11
2313815 -1 4126965 -1 #SUP: 11
2313816 -1 2313816 -1 #SUP: 15
2313870 -1 2313816 -1 #SUP: 11
2313879 -1 2313816 -1 #SUP: 12
2313881 -1 2313816 -1 #SUP: 14
2414396 -1 2313816 -1 #SUP: 13
2313816 -1 2414397 -1 #SUP: 14
2414397 -1 2313816 -1 #SUP: 17
2313816 -1 2414398 -1 #SUP: 14
2414398 -1 2313816 -1 #SUP: 15
2514406 -1 2313816 -1 #SUP: 13
2313816 -1 2514408 -1 #SUP: 14
2514408 -1 2313816 -1 #SUP: 13
2313816 -1 2514409 -1 #SUP: 13
2514409 -1 2313816 -1 #SUP: 12
2313816 -1 2514413 -1 #SUP: 11
2514414 -1 2313816 -1 #SUP: 11
2514437 -1 2313816 -1 #SUP: 12
2614666 -1 2313816 -1 #SUP: 11
2313816 -1 4126965 -1 #SUP: 16
4126965 -1 2313816 -1 #SUP: 16
2313816 4126965 -1 #SUP: 15
2313870 2313879 -1 #SUP: 12
2313870 2313881 -1 #SUP: 12
2313870 -1 2414397 -1 #SUP: 11
2313870 -1 2414398 -1 #SUP: 11
2313870 -1 4126965 -1 #SUP: 12
2313879 2313881 -1 #SUP: 13
2313879 -1 2414397 -1 #SUP: 12
2313879 -1 2414398 -1 #SUP: 12
2313879 -1 4126965 -1 #SUP: 13
2313881 -1 2414397 -1 #SUP: 14
2414397 -1 2313881 -1 #SUP: 11
2313881 -1 2414398 -1 #SUP: 14
2414398 -1 2313881 -1 #SUP: 11
2313881 -1 4126965 -1 #SUP: 15
4126965 -1 2313881 -1 #SUP: 12
2414396 -1 2414397 -1 #SUP: 15
2414397 -1 2414396 -1 #SUP: 15
2414396 -1 2414398 -1 #SUP: 15
2414398 -1 2414396 -1 #SUP: 14
2414396 -1 2514408 -1 #SUP: 12
2414396 -1 4126965 -1 #SUP: 15
4126965 -1 2414396 -1 #SUP: 13
2414397 -1 2414397 -1 #SUP: 20
2414397 -1 2414398 -1 #SUP: 18
2414398 -1 2414397 -1 #SUP: 17
2414397 -1 2514406 -1 #SUP: 13
2514406 -1 2414397 -1 #SUP: 12
2414397 -1 2514408 -1 #SUP: 14
2514408 -1 2414397 -1 #SUP: 14
2414397 -1 2514409 -1 #SUP: 12
2514409 -1 2414397 -1 #SUP: 11
2414397 -1 2514414 -1 #SUP: 11
2514414 -1 2414397 -1 #SUP: 12
2414397 -1 2514437 -1 #SUP: 13
2514437 -1 2414397 -1 #SUP: 13
2614666 -1 2414397 -1 #SUP: 11
2414397 -1 4126965 -1 #SUP: 19
4126965 -1 2414397 -1 #SUP: 18
4141759 -1 2414397 -1 #SUP: 11
2414398 -1 2414398 -1 #SUP: 17
2414398 -1 2514406 -1 #SUP: 11
2514406 -1 2414398 -1 #SUP: 12
2414398 -1 2514408 -1 #SUP: 13
2514408 -1 2414398 -1 #SUP: 12
2414398 -1 2514409 -1 #SUP: 11
2514409 -1 2414398 -1 #SUP: 11
2514437 -1 2414398 -1 #SUP: 12
2414398 -1 4126965 -1 #SUP: 18
4126965 -1 2414398 -1 #SUP: 15
2514406 -1 2514408 -1 #SUP: 13
2514406 -1 2514409 -1 #SUP: 11
2514406 -1 2514414 -1 #SUP: 12
2514406 -1 4126965 -1 #SUP: 14
4126965 -1 2514406 -1 #SUP: 11
2514408 -1 2514408 -1 #SUP: 12
2514408 -1 2514409 -1 #SUP: 11
2514409 -1 2514408 -1 #SUP: 13
2514408 -1 2514414 -1 #SUP: 12
2514437 -1 2514408 -1 #SUP: 12
2514408 -1 4126965 -1 #SUP: 14
4126965 -1 2514408 -1 #SUP: 14
2514409 -1 2514409 -1 #SUP: 12
2514409 -1 2514414 -1 #SUP: 11
2514409 -1 4126965 -1 #SUP: 13
4126965 -1 2514409 -1 #SUP: 12
4126965 -1 2514413 -1 #SUP: 11
2514414 -1 4126965 -1 #SUP: 12
4126965 -1 2514414 -1 #SUP: 11
2514437 -1 4126965 -1 #SUP: 14
4126965 -1 2514437 -1 #SUP: 12
2514437 4126965 -1 #SUP: 12
2614666 -1 4126965 -1 #SUP: 12
2614666 4126965 -1 #SUP: 11
4126965 -1 4126965 -1 #SUP: 19
2108115 -1 2108115 -1 2108115 -1 #SUP: 14
2108115 -1 2108115 -1 2211361 -1 #SUP: 12
2108115 -1 2108115 -1 2212090 -1 #SUP: 11
2108115 -1 2108115 -1 2212093 -1 #SUP: 13
2108115 -1 2108115 2212093 -1 #SUP: 12
2108115 -1 2108115 -1 2212095 -1 #SUP: 13
2108115 -1 2108115 2212095 -1 #SUP: 14
2108115 -1 2108115 -1 2212593 -1 #SUP: 12
2108115 -1 2108115 -1 2212648 -1 #SUP: 13
2108115 -1 2108115 2212648 -1 #SUP: 12
2108115 -1 2108115 -1 2212731 -1 #SUP: 11
2108115 -1 2108115 -1 2414396 -1 #SUP: 12
2108115 -1 2108115 -1 2414397 -1 #SUP: 15
2108115 -1 2108115 2414397 -1 #SUP: 12
2108115 -1 2108115 -1 2414398 -1 #SUP: 13
2108115 -1 2108115 -1 4126965 -1 #SUP: 13
2108115 -1 2211359 2313816 -1 #SUP: 11
2108115 -1 2211359 -1 4126965 -1 #SUP: 11
2211359 -1 2108115 -1 2108115 -1 #SUP: 12
2211359 -1 2108115 -1 2414397 -1 #SUP: 11
2211359 -1 2108115 -1 4126965 -1 #SUP: 11
2211361 -1 2108115 -1 2108115 -1 #SUP: 11
2211361 -1 2108115 -1 2212093 -1 #SUP: 11
2211361 -1 2108115 2212093 -1 #SUP: 11
2211361 -1 2108115 2212095 -1 #SUP: 11
2211361 -1 2108115 -1 2212648 -1 #SUP: 11
2211361 -1 2108115 2212648 -1 #SUP: 11
2211361 -1 2108115 -1 2414397 -1 #SUP: 13
2211361 -1 2108115 -1 4126965 -1 #SUP: 11
2108115 -1 2212090 -1 2211361 -1 #SUP: 11
2108115 -1 2212090 -1 2414397 -1 #SUP: 12
2212090 -1 2108115 -1 2108115 -1 #SUP: 11
2212090 -1 2108115 -1 2211361 -1 #SUP: 11
2212090 -1 2108115 -1 2212090 -1 #SUP: 11
2212090 -1 2108115 -1 2212093 -1 #SUP: 12
2212090 -1 2108115 2212093 -1 #SUP: 11
2212090 -1 2108115 -1 2212095 -1 #SUP: 12
2212090 -1 2108115 2212095 -1 #SUP: 13
2212090 -1 2108115 -1 2212593 -1 #SUP: 11
2212090 -1 2108115 -1 2212648 -1 #SUP: 12
2212090 -1 2108115 2212648 -1 #SUP: 11
2212090 -1 2108115 -1 2212731 -1 #SUP: 11
2212090 -1 2108115 -1 2414397 -1 #SUP: 14
2212090 -1 2108115 -1 4126965 -1 #SUP: 11
2108115 -1 2212093 -1 2108115 -1 #SUP: 11
2108115 -1 2212093 -1 2211361 -1 #SUP: 11
2108115 -1 2212093 2212095 -1 #SUP: 11
2108115 -1 2212093 -1 2212648 -1 #SUP: 11
2108115 -1 2212093 2212648 -1 #SUP: 11
2108115 -1 2212093 -1 2212731 -1 #SUP: 11
2108115 -1 2212093 -1 2313816 -1 #SUP: 11
2108115 -1 2212093 -1 2414397 -1 #SUP: 14
2108115 -1 2212093 -1 2414398 -1 #SUP: 11
2108115 -1 2212093 -1 4126965 -1 #SUP: 11
2212093 -1 2108115 2212648 -1 #SUP: 11
2212093 -1 2108115 -1 2414397 -1 #SUP: 12
2212093 -1 2108115 -1 4126965 -1 #SUP: 11
2108115 2212093 -1 2108115 -1 #SUP: 12
2108115 2212093 -1 2211361 -1 #SUP: 11
2108115 2212093 -1 2212648 -1 #SUP: 11
2108115 2212093 2212648 -1 #SUP: 11
2108115 2212093 -1 2212731 -1 #SUP: 11
2108115 2212093 -1 2414397 -1 #SUP: 13
2108115 2212093 -1 4126965 -1 #SUP: 11
2108115 -1 2212095 -1 2108115 -1 #SUP: 13
2108115 -1 2212095 -1 2211361 -1 #SUP: 12
2108115 -1 2212095 -1 2212090 -1 #SUP: 12
2108115 -1 2212095 -1 2212093 -1 #SUP: 13
2108115 -1 2212095 -1 2212593 -1 #SUP: 12
2108115 -1 2212095 -1 2212648 -1 #SUP: 14
2108115 -1 2212095 2212648 -1 #SUP: 11
2108115 -1 2212095 -1 2212731 -1 #SUP: 11
2108115 -1 2212095 -1 2414397 -1 #SUP: 15
2108115 -1 2212095 -1 4126965 -1 #SUP: 11
2212095 -1 2108115 -1 2108115 -1 #SUP: 13
2212095 -1 2108115 -1 2211359 -1 #SUP: 11
2212095 -1 2108115 -1 2211361 -1 #SUP: 12
2212095 -1 2108115 -1 2212090 -1 #SUP: 12
2212095 -1 2108115 -1 2212093 -1 #SUP: 13
2212095 -1 2108115 2212093 -1 #SUP: 13
2212095 -1 2108115 -1 2212095 -1 #SUP: 12
2212095 -1 2108115 2212095 -1 #SUP: 12
2212095 -1 2108115 -1 2212593 -1 #SUP: 12
2212095 -1 2108115 -1 2212648 -1 #SUP: 14
2212095 -1 2108115 2212648 -1 #SUP: 14
2212095 -1 2108115 -1 2212731 -1 #SUP: 12
2212095 -1 2108115 -1 2414397 -1 #SUP: 16
2212095 -1 2108115 -1 4126965 -1 #SUP: 12
2108115 2212095 -1 2108115 -1 #SUP: 14
2108115 2212095 -1 2211361 -1 #SUP: 11
2108115 2212095 -1 2212090 -1 #SUP: 11
2108115 2212095 -1 2212093 -1 #SUP: 13
2108115 2212095 -1 2212593 -1 #SUP: 11
2108115 2212095 -1 2212648 -1 #SUP: 13
2108115 2212095 -1 2212731 -1 #SUP: 11
2108115 2212095 -1 2414397 -1 #SUP: 15
2108115 2212095 -1 4126965 -1 #SUP: 11
2108115 -1 2212166 -1 4126965 -1 #SUP: 11
2212392 -1 2108115 -1 2108115 -1 #SUP: 12
2212392 -1 2108115 -1 2212095 -1 #SUP: 11
2212392 -1 2108115 2212095 -1 #SUP: 12
2212392 -1 2108115 -1 2212648 -1 #SUP: 12
2212392 -1 2108115 2212648 -1 #SUP: 12
2212392 -1 2108115 -1 2414397 -1 #SUP: 13
2108115 2212392 -1 2414397 -1 #SUP: 12
2108115 -1 2212453 -1 2108115 -1 #SUP: 11
2108115 -1 2212453 -1 2212648 -1 #SUP: 11
2108115 -1 2212453 2212648 -1 #SUP: 11
2108115 -1 2212453 -1 2414397 -1 #SUP: 12
2212453 -1 2108115 -1 2414397 -1 #SUP: 11
2108115 -1 2212593 2212648 -1 #SUP: 11
2108115 -1 2212593 -1 2414397 -1 #SUP: 13
2108115 2212593 -1 2414397 -1 #SUP: 11
2108115 -1 2212648 -1 2108115 -1 #SUP: 12
2108115 -1 2212648 -1 2211361 -1 #SUP: 11
2108115 -1 2212648 -1 2212090 -1 #SUP: 11
2108115 -1 2212648 -1 2212093 -1 #SUP: 12
2108115 -1 2212648 -1 2212095 -1 #SUP: 12
2108115 -1 2212648 -1 2212593 -1 #SUP: 11
2108115 -1 2212648 -1 2212648 -1 #SUP: 13
2108115 -1 2212648 -1 2212731 -1 #SUP: 12
2108115 -1 2212648 2212731 -1 #SUP: 12
2108115 -1 2212648 -1 2414397 -1 #SUP: 14
2108115 -1 2212648 -1 2414398 -1 #SUP: 11
2108115 -1 2212648 -1 4126965 -1 #SUP: 11
2212648 -1 2108115 -1 2108115 -1 #SUP: 12
2212648 -1 2108115 -1 2211359 -1 #SUP: 11
2212648 -1 2108115 -1 2211361 -1 #SUP: 11
2212648 -1 2108115 -1 2212090 -1 #SUP: 11
2212648 -1 2108115 -1 2212093 -1 #SUP: 12
2212648 -1 2108115 2212093 -1 #SUP: 11
2212648 -1 2108115 -1 2212095 -1 #SUP: 12
2212648 -1 2108115 2212095 -1 #SUP: 12
2212648 -1 2108115 -1 2212593 -1 #SUP: 11
2212648 -1 2108115 -1 2212648 -1 #SUP: 13
2212648 -1 2108115 2212648 -1 #SUP: 13
2212648 -1 2108115 -1 2212731 -1 #SUP: 12
2212648 -1 2108115 -1 2414397 -1 #SUP: 14
2212648 -1 2108115 -1 4126965 -1 #SUP: 12
2108115 2212648 -1 2108115 -1 #SUP: 12
2108115 2212648 -1 2212093 -1 #SUP: 12
2108115 2212648 -1 2212095 -1 #SUP: 12
2108115 2212648 -1 2212648 -1 #SUP: 13
2108115 2212648 -1 2212731 -1 #SUP: 11
2108115 2212648 -1 2414397 -1 #SUP: 13
2108115 2212648 -1 2414398 -1 #SUP: 11
2108115 -1 2212731 -1 2108115 -1 #SUP: 11
2108115 -1 2212731 -1 2212093 -1 #SUP: 11
2108115 -1 2212731 -1 2212095 -1 #SUP: 11
2108115 -1 2212731 -1 2212648 -1 #SUP: 12
2108115 -1 2212731 -1 2313816 -1 #SUP: 11
2108115 -1 2212731 -1 2414397 -1 #SUP: 12
2108115 -1 2212731 -1 4126965 -1 #SUP: 12
2108115 -1 2313814 -1 2108115 -1 #SUP: 11
2108115 -1 2313814 -1 2414397 -1 #SUP: 11
2313814 -1 2108115 -1 2414397 -1 #SUP: 12
2108115 -1 2313815 -1 4126965 -1 #SUP: 11
2108115 -1 2313816 -1 2211359 -1 #SUP: 11
2108115 -1 2313816 -1 2212090 -1 #SUP: 11
2108115 -1 2313816 -1 2212093 -1 #SUP: 11
2108115 -1 2313816 -1 2212095 -1 #SUP: 11
2108115 -1 2313816 -1 2212648 -1 #SUP: 11
2108115 -1 2313816 -1 2313816 -1 #SUP: 12
2108115 -1 2313816 -1 2414397 -1 #SUP: 11
2108115 -1 2313816 -1 4126965 -1 #SUP: 12
2108115 -1 2313816 4126965 -1 #SUP: 11
2313816 -1 2108115 -1 2414397 -1 #SUP: 11
2313881 -1 2108115 -1 2414397 -1 #SUP: 11
2108115 -1 2414396 -1 2212095 -1 #SUP: 11
2108115 -1 2414396 -1 2414397 -1 #SUP: 13
2108115 -1 2414396 -1 2414398 -1 #SUP: 11
2414396 -1 2108115 -1 2108115 -1 #SUP: 13
2414396 -1 2108115 -1 2212090 -1 #SUP: 11
2414396 -1 2108115 -1 2212093 -1 #SUP: 13
2414396 -1 2108115 2212093 -1 #SUP: 12
2414396 -1 2108115 -1 2212095 -1 #SUP: 13
2414396 -1 2108115 2212095 -1 #SUP: 13
2414396 -1 2108115 -1 2212453 -1 #SUP: 11
2414396 -1 2108115 -1 2212593 -1 #SUP: 11
2414396 -1 2108115 -1 2212648 -1 #SUP: 12
2414396 -1 2108115 2212648 -1 #SUP: 12
2414396 -1 2108115 -1 2313816 -1 #SUP: 11
2414396 -1 2108115 -1 2414397 -1 #SUP: 15
2414396 -1 2108115 -1 2414398 -1 #SUP: 12
2414396 -1 2108115 -1 4126965 -1 #SUP: 12
2108115 -1 2414397 -1 2108115 -1 #SUP: 15
2108115 -1 2414397 -1 2211359 -1 #SUP: 11
2108115 -1 2414397 -1 2211361 -1 #SUP: 13
2108115 -1 2414397 -1 2212090 -1 #SUP: 12
2108115 -1 2414397 -1 2212093 -1 #SUP: 15
2108115 -1 2414397 -1 2212095 -1 #SUP: 15
2108115 -1 2414397 -1 2212166 -1 #SUP: 11
2108115 -1 2414397 -1 2212453 -1 #SUP: 12
2108115 -1 2414397 -1 2212593 -1 #SUP: 13
2108115 -1 2414397 -1 2212648 -1 #SUP: 14
2108115 -1 2414397 -1 2212731 -1 #SUP: 13
2108115 -1 2414397 -1 2313814 -1 #SUP: 11
2108115 -1 2414397 -1 2313816 -1 #SUP: 12
2108115 -1 2414397 -1 2414396 -1 #SUP: 12
2108115 -1 2414397 -1 2414397 -1 #SUP: 17
2108115 -1 2414397 -1 2414398 -1 #SUP: 13
2108115 -1 2414397 -1 2514437 -1 #SUP: 11
2108115 -1 2414397 -1 4126965 -1 #SUP: 14
2414397 -1 2108115 -1 2108115 -1 #SUP: 15
2414397 -1 2108115 -1 2211359 -1 #SUP: 12
2414397 -1 2108115 -1 2211361 -1 #SUP: 13
2414397 -1 2108115 -1 2212090 -1 #SUP: 12
2414397 -1 2108115 -1 2212093 -1 #SUP: 15
2414397 -1 2108115 2212093 -1 #SUP: 14
2414397 -1 2108115 -1 2212095 -1 #SUP: 15
2414397 -1 2108115 2212095 -1 #SUP: 15
2414397 -1 2108115 -1 2212166 -1 #SUP: 11
2414397 -1 2108115 -1 2212453 -1 #SUP: 12
2414397 -1 2108115 -1 2212593 -1 #SUP: 13
2414397 -1 2108115 -1 2212648 -1 #SUP: 14
2414397 -1 2108115 2212648 -1 #SUP: 14
2414397 -1 2108115 -1 2212731 -1 #SUP: 13
2414397 -1 2108115 -1 2313814 -1 #SUP: 11
2414397 -1 2108115 -1 2313815 -1 #SUP: 11
2414397 -1 2108115 -1 2313816 -1 #SUP: 13
2414397 -1 2108115 -1 2414396 -1 #SUP: 12
2414397 -1 2108115 -1 2414397 -1 #SUP: 17
2414397 -1 2108115 2414397 -1 #SUP: 12
2414397 -1 2108115 -1 2414398 -1 #SUP: 13
2414397 -1 2108115 -1 2514437 -1 #SUP: 11
2414397 -1 2108115 -1 4126965 -1 #SUP: 14
2108115 2414397 -1 2108115 -1 #SUP: 12
2108115 2414397 -1 2212095 -1 #SUP: 11
2108115 2414397 -1 2414397 -1 #SUP: 12
2108115 2414397 -1 2414398 -1 #SUP: 11
2108115 2414397 -1 4126965 -1 #SUP: 11
2108115 -1 2414398 -1 2108115 -1 #SUP: 12
2108115 -1 2414398 -1 2212093 -1 #SUP: 11
2108115 -1 2414398 -1 2212095 -1 #SUP: 11
2108115 -1 2414398 -1 2212648 -1 #SUP: 11
2108115 -1 2414398 -1 2414396 -1 #SUP: 11
2108115 -1 2414398 -1 2414397 -1 #SUP: 13
2108115 -1 2414398 -1 2414398 -1 #SUP: 13
2108115 -1 2414398 -1 4126965 -1 #SUP: 11
2414398 -1 2108115 -1 2108115 -1 #SUP: 12
2414398 -1 2108115 -1 2212093 -1 #SUP: 11
2414398 -1 2108115 2212093 -1 #SUP: 11
2414398 -1 2108115 -1 2212095 -1 #SUP: 11
2414398 -1 2108115 2212095 -1 #SUP: 12
2414398 -1 2108115 -1 2414397 -1 #SUP: 13
2414398 -1 2108115 -1 2414398 -1 #SUP: 12
2514414 -1 2108115 -1 2108115 -1 #SUP: 11
2108115 -1 2514437 -1 2212093 -1 #SUP: 11
2108115 -1 2514437 -1 4126965 -1 #SUP: 11
2514437 -1 2108115 -1 2108115 -1 #SUP: 11
2514437 -1 2108115 2212093 -1 #SUP: 11
2514437 -1 2108115 -1 2212648 -1 #SUP: 11
2514437 -1 2108115 2212648 -1 #SUP: 11
2514437 -1 2108115 -1 2414397 -1 #SUP: 11
2514437 -1 2108115 -1 4126965 -1 #SUP: 11
2108115 -1 4126965 -1 2108115 -1 #SUP: 12
2108115 -1 4126965 -1 2211359 -1 #SUP: 11
2108115 -1 4126965 -1 2211361 -1 #SUP: 12
2108115 -1 4126965 -1 2212090 -1 #SUP: 11
2108115 -1 4126965 -1 2212093 -1 #SUP: 11
2108115 -1 4126965 -1 2212095 -1 #SUP: 11
2108115 -1 4126965 -1 2212648 -1 #SUP: 11
2108115 -1 4126965 -1 2212731 -1 #SUP: 11
2108115 -1 4126965 -1 2313816 -1 #SUP: 12
2108115 -1 4126965 -1 2414397 -1 #SUP: 13
2108115 -1 4126965 -1 4126965 -1 #SUP: 13
4126965 -1 2108115 -1 2108115 -1 #SUP: 13
4126965 -1 2108115 -1 2212093 -1 #SUP: 11
4126965 -1 2108115 -1 2212095 -1 #SUP: 11
4126965 -1 2108115 2212095 -1 #SUP: 12
4126965 -1 2108115 2212648 -1 #SUP: 11
4126965 -1 2108115 -1 2212731 -1 #SUP: 11
4126965 -1 2108115 -1 2414397 -1 #SUP: 14
4126965 -1 2108115 2414397 -1 #SUP: 11
4126965 -1 2108115 -1 2414398 -1 #SUP: 11
4126965 -1 2108115 -1 4126965 -1 #SUP: 12
2211327 -1 2414397 -1 2212090 -1 #SUP: 11
2211327 -1 2414397 -1 2414397 -1 #SUP: 11
2211327 -1 2414397 -1 4126965 -1 #SUP: 12
2211327 -1 4126965 -1 2212090 -1 #SUP: 11
2211327 -1 4126965 -1 2414397 -1 #SUP: 11
2211327 -1 4126965 -1 4126965 -1 #SUP: 11
2211359 -1 2211359 -1 2211359 -1 #SUP: 12
2211359 -1 2211359 -1 2211361 -1 #SUP: 11
2211359 -1 2211359 -1 2212090 -1 #SUP: 12
2211359 -1 2211359 -1 2212648 -1 #SUP: 11
2211359 -1 2211359 -1 2313816 -1 #SUP: 13
2211359 -1 2211359 -1 2414397 -1 #SUP: 11
2211359 -1 2211359 -1 2514408 -1 #SUP: 13
2211359 -1 2211359 -1 4126965 -1 #SUP: 13
2211359 -1 2211361 -1 2211359 -1 #SUP: 11
2211359 -1 2211361 -1 2212090 -1 #SUP: 11
2211359 -1 2211361 -1 2313816 -1 #SUP: 11
2211359 -1 2211361 -1 2414397 -1 #SUP: 11
2211359 -1 2211361 -1 2514408 -1 #SUP: 11
2211359 -1 2211361 -1 4126965 -1 #SUP: 12
2211361 -1 2211359 -1 2108115 -1 #SUP: 11
2211361 -1 2211359 -1 2211359 -1 #SUP: 11
2211361 -1 2211359 2313816 -1 #SUP: 11
2211361 -1 2211359 -1 2414397 -1 #SUP: 11
2211361 -1 2211359 -1 4126965 -1 #SUP: 12
2211359 -1 2212090 -1 2108115 -1 #SUP: 11
2211359 -1 2212090 -1 2211361 -1 #SUP: 11
2211359 -1 2212090 -1 2212090 -1 #SUP: 11
2211359 -1 2212090 -1 2212095 -1 #SUP: 11
2211359 -1 2212090 -1 2212593 -1 #SUP: 11
2211359 -1 2212090 -1 2212648 -1 #SUP: 11
2211359 -1 2212090 -1 2313816 -1 #SUP: 11
2211359 -1 2212090 -1 2414397 -1 #SUP: 12
2211359 -1 2212090 -1 2414398 -1 #SUP: 11
2211359 -1 2212090 -1 4126965 -1 #SUP: 13
2211359 -1 2212093 -1 2414397 -1 #SUP: 11
2211359 -1 2212095 -1 2212593 -1 #SUP: 12
2211359 -1 2212095 -1 2414397 -1 #SUP: 12
2212095 -1 2211359 -1 2212090 -1 #SUP: 11
2212095 -1 2211359 2313816 -1 #SUP: 11
2212095 -1 2211359 -1 4126965 -1 #SUP: 11
2211359 -1 2212593 -1 2414397 -1 #SUP: 12
2211359 -1 2212648 -1 4126965 -1 #SUP: 11
2212648 -1 2211359 -1 2212090 -1 #SUP: 11
2212648 -1 2211359 2313816 -1 #SUP: 11
2212648 -1 2211359 -1 4126965 -1 #SUP: 11
2211359 -1 2212731 -1 4126965 -1 #SUP: 11
2211359 -1 2313816 -1 2211359 -1 #SUP: 11
2211359 -1 2313816 -1 2211361 -1 #SUP: 12
2211359 -1 2313816 -1 2212090 -1 #SUP: 11
2211359 -1 2313816 -1 2212095 -1 #SUP: 11
2211359 -1 2313816 -1 2313816 -1 #SUP: 12
2211359 -1 2313816 -1 2414397 -1 #SUP: 13
2211359 -1 2313816 -1 2414398 -1 #SUP: 11
2211359 -1 2313816 -1 2514408 -1 #SUP: 12
2211359 -1 2313816 -1 4126965 -1 #SUP: 14
2211359 -1 2313816 4126965 -1 #SUP: 13
2313816 -1 2211359 -1 2211359 -1 #SUP: 12
2313816 -1 2211359 2313816 -1 #SUP: 11
2313816 -1 2211359 -1 4126965 -1 #SUP: 11
2211359 2313816 -1 2211359 -1 #SUP: 11
2211359 2313816 -1 2211361 -1 #SUP: 11
2211359 2313816 -1 2212090 -1 #SUP: 11
2211359 2313816 -1 2313816 -1 #SUP: 13
2211359 2313816 -1 2414397 -1 #SUP: 11
2211359 2313816 -1 2414398 -1 #SUP: 12
2211359 2313816 -1 2514408 -1 #SUP: 11
2211359 2313816 -1 4126965 -1 #SUP: 13
2211359 2313816 4126965 -1 #SUP: 13
2211359 -1 2414396 -1 2414397 -1 #SUP: 11
2211359 -1 2414396 -1 4126965 -1 #SUP: 12
2414396 -1 2211359 -1 2108115 -1 #SUP: 11
2414396 -1 2211359 -1 2212090 -1 #SUP: 11
2414396 -1 2211359 -1 2313816 -1 #SUP: 11
2414396 -1 2211359 2313816 -1 #SUP: 12
2414396 -1 2211359 -1 2414398 -1 #SUP: 12
2414396 -1 2211359 -1 4126965 -1 #SUP: 12
2211359 -1 2414397 -1 2108115 -1 #SUP: 11
2211359 -1 2414397 -1 2211359 -1 #SUP: 12
2211359 -1 2414397 -1 2211361 -1 #SUP: 12
2211359 -1 2414397 -1 2212090 -1 #SUP: 11
2211359 -1 2414397 -1 2212093 -1 #SUP: 11
2211359 -1 2414397 -1 2212095 -1 #SUP: 12
2211359 -1 2414397 -1 2212593 -1 #SUP: 12
2211359 -1 2414397 -1 2313816 -1 #SUP: 13
2211359 -1 2414397 -1 2414396 -1 #SUP: 11
2211359 -1 2414397 -1 2414397 -1 #SUP: 14
2211359 -1 2414397 -1 2414398 -1 #SUP: 12
2211359 -1 2414397 -1 4126965 -1 #SUP: 14
2414397 -1 2211359 -1 2108115 -1 #SUP: 12
2414397 -1 2211359 -1 2211359 -1 #SUP: 14
2414397 -1 2211359 -1 2211361 -1 #SUP: 12
2414397 -1 2211359 -1 2212090 -1 #SUP: 12
2414397 -1 2211359 -1 2212093 -1 #SUP: 11
2414397 -1 2211359 -1 2212095 -1 #SUP: 11
2414397 -1 2211359 -1 2212593 -1 #SUP: 11
2414397 -1 2211359 -1 2212648 -1 #SUP: 12
2414397 -1 2211359 -1 2212731 -1 #SUP: 12
2414397 -1 2211359 -1 2313816 -1 #SUP: 14
2414397 -1 2211359 2313816 -1 #SUP: 14
2414397 -1 2211359 -1 2414396 -1 #SUP: 11
2414397 -1 2211359 -1 2414397 -1 #SUP: 13
2414397 -1 2211359 -1 2414398 -1 #SUP: 13
2414397 -1 2211359 -1 2514408 -1 #SUP: 12
2414397 -1 2211359 -1 4126965 -1 #SUP: 15
2414397 -1 2211359 4126965 -1 #SUP: 13
2211359 -1 2414398 -1 2211359 -1 #SUP: 11
2211359 -1 2414398 -1 2211361 -1 #SUP: 11
2211359 -1 2414398 -1 2212090 -1 #SUP: 11
2211359 -1 2414398 -1 2313816 -1 #SUP: 13
2211359 -1 2414398 -1 2414397 -1 #SUP: 11
2211359 -1 2414398 -1 2414398 -1 #SUP: 12
2211359 -1 2414398 -1 2514408 -1 #SUP: 11
2211359 -1 2414398 -1 4126965 -1 #SUP: 13
2414398 -1 2211359 -1 2211359 -1 #SUP: 11
2414398 -1 2211359 -1 2313816 -1 #SUP: 11
2414398 -1 2211359 2313816 -1 #SUP: 12
2414398 -1 2211359 -1 2514408 -1 #SUP: 11
2414398 -1 2211359 -1 4126965 -1 #SUP: 12
2211359 -1 2514406 -1 2514408 -1 #SUP: 11
2211359 -1 2514406 -1 4126965 -1 #SUP: 11
2211359 -1 2514408 -1 2211361 -1 #SUP: 11
2211359 -1 2514408 -1 2212090 -1 #SUP: 11
2211359 -1 2514408 -1 2313816 -1 #SUP: 11
2211359 -1 2514408 -1 2414397 -1 #SUP: 13
2211359 -1 2514408 -1 4126965 -1 #SUP: 12
2211359 -1 2514409 -1 2514408 -1 #SUP: 11
2211359 -1 2514409 -1 4126965 -1 #SUP: 12
2211359 -1 2514414 -1 2414397 -1 #SUP: 11
2514437 -1 2211359 -1 2211359 -1 #SUP: 11
2514437 -1 2211359 2313816 -1 #SUP: 11
2514437 -1 2211359 -1 4126965 -1 #SUP: 11
2211359 -1 4126965 -1 2211359 -1 #SUP: 13
2211359 -1 4126965 -1 2211361 -1 #SUP: 14
2211359 -1 4126965 -1 2212090 -1 #SUP: 12
2211359 -1 4126965 -1 2212093 -1 #SUP: 12
2211359 -1 4126965 -1 2212095 -1 #SUP: 12
2211359 -1 4126965 -1 2212593 -1 #SUP: 12
2211359 -1 4126965 -1 2212648 -1 #SUP: 11
2211359 -1 4126965 -1 2212731 -1 #SUP: 11
2211359 -1 4126965 -1 2313816 -1 #SUP: 15
2211359 -1 4126965 -1 2414396 -1 #SUP: 11
2211359 -1 4126965 -1 2414397 -1 #SUP: 14
2211359 -1 4126965 -1 2414398 -1 #SUP: 12
2211359 -1 4126965 -1 2514408 -1 #SUP: 12
2211359 -1 4126965 -1 4126965 -1 #SUP: 15
4126965 -1 2211359 -1 2211359 -1 #SUP: 13
4126965 -1 2211359 -1 2211361 -1 #SUP: 12
4126965 -1 2211359 -1 2212090 -1 #SUP: 11
4126965 -1 2211359 -1 2212093 -1 #SUP: 11
4126965 -1 2211359 -1 2212095 -1 #SUP: 11
4126965 -1 2211359 -1 2212648 -1 #SUP: 11
4126965 -1 2211359 -1 2313816 -1 #SUP: 14
4126965 -1 2211359 2313816 -1 #SUP: 13
4126965 -1 2211359 -1 2414397 -1 #SUP: 13
4126965 -1 2211359 -1 2514408 -1 #SUP: 12
4126965 -1 2211359 -1 4126965 -1 #SUP: 14
4126965 -1 2211359 4126965 -1 #SUP: 13
2211359 4126965 -1 2211359 -1 #SUP: 12
2211359 4126965 -1 2211361 -1 #SUP: 13
2211359 4126965 -1 2212090 -1 #SUP: 11
2211359 4126965 -1 2212093 -1 #SUP: 11
2211359 4126965 -1 2212095 -1 #SUP: 11
2211359 4126965 -1 2212593 -1 #SUP: 11
2211359 4126965 -1 2212731 -1 #SUP: 11
2211359 4126965 -1 2313816 -1 #SUP: 14
2211359 4126965 -1 2414397 -1 #SUP: 13
2211359 4126965 -1 2414398 -1 #SUP: 11
2211359 4126965 -1 2514408 -1 #SUP: 12
2211359 4126965 -1 4126965 -1 #SUP: 14
2211361 -1 2211361 -1 4126965 -1 #SUP: 11
2211361 -1 2212090 -1 2108115 -1 #SUP: 11
2211361 -1 2212090 2212648 -1 #SUP: 11
2211361 -1 2212090 -1 2414397 -1 #SUP: 13
2211361 -1 2212090 -1 2414398 -1 #SUP: 11
2211361 -1 2212090 -1 4126965 -1 #SUP: 12
2212090 -1 2211361 -1 2108115 -1 #SUP: 11
2212090 -1 2211361 -1 2212090 -1 #SUP: 13
2212090 -1 2211361 -1 2212095 -1 #SUP: 11
2212090 -1 2211361 -1 2212648 -1 #SUP: 11
2212090 -1 2211361 -1 2414397 -1 #SUP: 11
2212090 -1 2211361 -1 4126965 -1 #SUP: 11
2211361 -1 2212093 -1 2108115 -1 #SUP: 12
2211361 -1 2212093 -1 2212648 -1 #SUP: 11
2211361 -1 2212093 -1 2414397 -1 #SUP: 11
2211361 -1 2212093 -1 4126965 -1 #SUP: 11
2212093 -1 2211361 -1 2212090 -1 #SUP: 12
2212093 -1 2211361 -1 4126965 -1 #SUP: 12
2211361 -1 2212095 -1 2108115 -1 #SUP: 11
2211361 -1 2212095 -1 2212090 -1 #SUP: 11
2211361 -1 2212095 -1 2212648 -1 #SUP: 12
2211361 -1 2212095 -1 2414397 -1 #SUP: 13
2211361 -1 2212095 -1 4126965 -1 #SUP: 11
2212095 -1 2211361 -1 2108115 -1 #SUP: 11
2212095 -1 2211361 -1 2212090 -1 #SUP: 12
2212095 -1 2211361 -1 4126965 -1 #SUP: 11
2211361 -1 2212648 -1 2108115 -1 #SUP: 12
2211361 -1 2212648 -1 2212090 -1 #SUP: 12
2211361 -1 2212648 -1 2212093 -1 #SUP: 11
2211361 -1 2212648 -1 2212095 -1 #SUP: 11
2211361 -1 2212648 -1 2212648 -1 #SUP: 12
2211361 -1 2212648 -1 2414397 -1 #SUP: 12
2211361 -1 2212648 -1 2414398 -1 #SUP: 11
2211361 -1 2212648 -1 4126965 -1 #SUP: 12
2212648 -1 2211361 -1 2212090 -1 #SUP: 11
2212648 -1 2211361 -1 4126965 -1 #SUP: 12
2211361 -1 2212731 -1 4126965 -1 #SUP: 11
2211361 -1 2313816 -1 2211359 -1 #SUP: 11
2211361 -1 2313816 -1 2313816 -1 #SUP: 11
2211361 -1 2313816 -1 4126965 -1 #SUP: 11
2211361 -1 2313816 4126965 -1 #SUP: 11
2313881 -1 2211361 -1 2414397 -1 #SUP: 11
2313881 -1 2211361 -1 4126965 -1 #SUP: 11
2211361 -1 2414396 -1 2108115 -1 #SUP: 11
2211361 -1 2414396 -1 2414397 -1 #SUP: 11
2211361 -1 2414396 -1 4126965 -1 #SUP: 11
2211361 -1 2414397 -1 2108115 -1 #SUP: 13
2211361 -1 2414397 -1 2211359 -1 #SUP: 12
2211361 -1 2414397 -1 2211361 -1 #SUP: 11
2211361 -1 2414397 -1 2212090 -1 #SUP: 12
2211361 -1 2414397 -1 2212093 -1 #SUP: 12
2211361 -1 2414397 -1 2212095 -1 #SUP: 12
2211361 -1 2414397 -1 2212453 -1 #SUP: 11
2211361 -1 2414397 -1 2212648 -1 #SUP: 12
2211361 -1 2414397 -1 2313816 -1 #SUP: 12
2211361 -1 2414397 -1 2414397 -1 #SUP: 15
2211361 -1 2414397 -1 2414398 -1 #SUP: 13
2211361 -1 2414397 -1 2514408 -1 #SUP: 11
2211361 -1 2414397 -1 4126965 -1 #SUP: 15
2414397 -1 2211361 -1 2108115 -1 #SUP: 13
2414397 -1 2211361 -1 2211359 -1 #SUP: 12
2414397 -1 2211361 -1 2211361 -1 #SUP: 11
2414397 -1 2211361 -1 2212090 -1 #SUP: 13
2414397 -1 2211361 -1 2212093 -1 #SUP: 11
2414397 -1 2211361 -1 2212095 -1 #SUP: 12
2414397 -1 2211361 -1 2212453 -1 #SUP: 11
2414397 -1 2211361 -1 2212648 -1 #SUP: 12
2414397 -1 2211361 -1 2212731 -1 #SUP: 11
2414397 -1 2211361 -1 2313816 -1 #SUP: 12
2414397 -1 2211361 -1 2414397 -1 #SUP: 13
2414397 -1 2211361 -1 2414398 -1 #SUP: 12
2414397 -1 2211361 -1 2514408 -1 #SUP: 11
2414397 -1 2211361 -1 4126965 -1 #SUP: 14
2211361 -1 2414398 -1 2211359 -1 #SUP: 11
2211361 -1 2414398 -1 2212090 -1 #SUP: 11
2211361 -1 2414398 -1 2313816 -1 #SUP: 12
2211361 -1 2414398 -1 2414397 -1 #SUP: 12
2211361 -1 2414398 -1 2414398 -1 #SUP: 12
2211361 -1 2414398 -1 2514408 -1 #SUP: 11
2211361 -1 2414398 -1 4126965 -1 #SUP: 13
2414398 -1 2211361 -1 2212090 -1 #SUP: 11
2414398 -1 2211361 -1 2313816 -1 #SUP: 11
2414398 -1 2211361 -1 2414397 -1 #SUP: 11
2414398 -1 2211361 -1 2414398 -1 #SUP: 12
2414398 -1 2211361 -1 2514408 -1 #SUP: 11
2414398 -1 2211361 -1 4126965 -1 #SUP: 12
2514406 -1 2211361 -1 4126965 -1 #SUP: 11
2211361 -1 2514408 -1 2414397 -1 #SUP: 11
2211361 -1 2514408 -1 2414398 -1 #SUP: 11
2514409 -1 2211361 -1 4126965 -1 #SUP: 11
2211361 -1 4126965 -1 2108115 -1 #SUP: 11
2211361 -1 4126965 -1 2211359 -1 #SUP: 12
2211361 -1 4126965 -1 2211361 -1 #SUP: 11
2211361 -1 4126965 -1 2212090 -1 #SUP: 12
2211361 -1 4126965 -1 2212095 -1 #SUP: 11
2211361 -1 4126965 -1 2212648 -1 #SUP: 11
2211361 -1 4126965 -1 2313816 -1 #SUP: 12
2211361 -1 4126965 -1 2414397 -1 #SUP: 14
2211361 -1 4126965 -1 2414398 -1 #SUP: 12
2211361 -1 4126965 -1 4126965 -1 #SUP: 14
4126965 -1 2211361 -1 2108115 -1 #SUP: 11
4126965 -1 2211361 -1 2211359 -1 #SUP: 11
4126965 -1 2211361 -1 2313816 -1 #SUP: 11
4126965 -1 2211361 -1 2414397 -1 #SUP: 12
4126965 -1 2211361 -1 2414398 -1 #SUP: 11
4126965 -1 2211361 -1 4126965 -1 #SUP: 13
2212090 -1 2212090 -1 2108115 -1 #SUP: 12
2212090 -1 2212090 -1 2211361 -1 #SUP: 11
2212090 -1 2212090 -1 2212090 -1 #SUP: 12
2212090 -1 2212090 -1 2212093 -1 #SUP: 12
2212090 -1 2212090 -1 2212095 -1 #SUP: 13
2212090 -1 2212090 -1 2212593 -1 #SUP: 12
2212090 -1 2212090 -1 2212648 -1 #SUP: 12
2212090 -1 2212090 2212648 -1 #SUP: 11
2212090 -1 2212090 -1 2212731 -1 #SUP: 12
2212090 -1 2212090 -1 2313816 -1 #SUP: 12
2212090 -1 2212090 -1 2414397 -1 #SUP: 14
2212090 -1 2212090 -1 2414398 -1 #SUP: 13
2212090 -1 2212090 -1 4126965 -1 #SUP: 13
2212090 -1 2212093 -1 2108115 -1 #SUP: 12
2212090 -1 2212093 -1 2212648 -1 #SUP: 11
2212090 -1 2212093 2212648 -1 #SUP: 11
2212090 -1 2212093 -1 2414397 -1 #SUP: 12
2212093 -1 2212090 -1 2108115 -1 #SUP: 11
2212093 -1 2212090 -1 2211361 -1 #SUP: 11
2212093 -1 2212090 -1 2212090 -1 #SUP: 11
2212093 -1 2212090 -1 2212095 -1 #SUP: 11
2212093 -1 2212090 -1 2212648 -1 #SUP: 13
2212093 -1 2212090 2212648 -1 #SUP: 11
2212093 -1 2212090 -1 2212731 -1 #SUP: 11
2212093 -1 2212090 -1 2313816 -1 #SUP: 12
2212093 -1 2212090 -1 2414397 -1 #SUP: 12
2212093 -1 2212090 -1 2414398 -1 #SUP: 11
2212093 -1 2212090 -1 4126965 -1 #SUP: 14
2212090 -1 2212095 -1 2108115 -1 #SUP: 12
2212090 -1 2212095 -1 2211361 -1 #SUP: 11
2212090 -1 2212095 -1 2212090 -1 #SUP: 11
2212090 -1 2212095 -1 2212093 -1 #SUP: 12
2212090 -1 2212095 -1 2212648 -1 #SUP: 13
2212090 -1 2212095 -1 2414397 -1 #SUP: 15
2212090 -1 2212095 -1 4126965 -1 #SUP: 12
2212095 -1 2212090 -1 2108115 -1 #SUP: 12
2212095 -1 2212090 -1 2211361 -1 #SUP: 11
2212095 -1 2212090 -1 2212090 -1 #SUP: 11
2212095 -1 2212090 -1 2212095 -1 #SUP: 12
2212095 -1 2212090 -1 2212648 -1 #SUP: 13
2212095 -1 2212090 2212648 -1 #SUP: 11
2212095 -1 2212090 -1 2313816 -1 #SUP: 11
2212095 -1 2212090 -1 2414397 -1 #SUP: 13
2212095 -1 2212090 -1 4126965 -1 #SUP: 13
2212392 -1 2212090 -1 2108115 -1 #SUP: 11
2212392 -1 2212090 -1 2212095 -1 #SUP: 11
2212392 -1 2212090 -1 2212648 -1 #SUP: 11
2212392 -1 2212090 -1 2414397 -1 #SUP: 13
2212392 -1 2212090 -1 4126965 -1 #SUP: 13
2212090 -1 2212593 -1 2414397 -1 #SUP: 12
2212090 -1 2212648 -1 2108115 -1 #SUP: 12
2212090 -1 2212648 -1 2211361 -1 #SUP: 11
2212090 -1 2212648 -1 2212090 -1 #SUP: 11
2212090 -1 2212648 -1 2212093 -1 #SUP: 11
2212090 -1 2212648 -1 2212095 -1 #SUP: 11
2212090 -1 2212648 -1 2212648 -1 #SUP: 13
2212090 -1 2212648 -1 2212731 -1 #SUP: 11
2212090 -1 2212648 2212731 -1 #SUP: 12
2212090 -1 2212648 -1 2313816 -1 #SUP: 11
2212090 -1 2212648 -1 2414397 -1 #SUP: 14
2212090 -1 2212648 -1 2414398 -1 #SUP: 11
2212090 -1 2212648 -1 4126965 -1 #SUP: 12
2212648 -1 2212090 -1 2108115 -1 #SUP: 12
2212648 -1 2212090 -1 2211361 -1 #SUP: 12
2212648 -1 2212090 -1 2212090 -1 #SUP: 11
2212648 -1 2212090 -1 2212095 -1 #SUP: 12
2212648 -1 2212090 -1 2212648 -1 #SUP: 13
2212648 -1 2212090 2212648 -1 #SUP: 12
2212648 -1 2212090 -1 2212731 -1 #SUP: 12
2212648 -1 2212090 -1 2313816 -1 #SUP: 12
2212648 -1 2212090 -1 2414397 -1 #SUP: 14
2212648 -1 2212090 -1 2414398 -1 #SUP: 12
2212648 -1 2212090 -1 4126965 -1 #SUP: 14
2212090 2212648 -1 2108115 -1 #SUP: 11
2212090 2212648 -1 2212648 -1 #SUP: 11
2212090 -1 2212731 -1 2212090 -1 #SUP: 11
2212090 -1 2212731 -1 2212648 -1 #SUP: 11
2212090 -1 2212731 -1 2313816 -1 #SUP: 11
2212090 -1 2212731 -1 2414397 -1 #SUP: 11
2212090 -1 2212731 -1 4126965 -1 #SUP: 12
2212731 -1 2212090 -1 2212648 -1 #SUP: 12
2212731 -1 2212090 -1 2212731 -1 #SUP: 11
2212731 -1 2212090 -1 2313816 -1 #SUP: 11
2212731 -1 2212090 -1 2414397 -1 #SUP: 11
2212731 -1 2212090 -1 2414398 -1 #SUP: 11
2212731 -1 2212090 -1 4126965 -1 #SUP: 13
2313814 -1 2212090 -1 2414397 -1 #SUP: 11
2212090 -1 2313816 -1 4126965 -1 #SUP: 11
2313816 -1 2212090 -1 2211361 -1 #SUP: 11
2313816 -1 2212090 -1 2212090 -1 #SUP: 12
2313816 -1 2212090 -1 2212095 -1 #SUP: 11
2313816 -1 2212090 -1 2212648 -1 #SUP: 11
2313816 -1 2212090 -1 2414397 -1 #SUP: 11
2313816 -1 2212090 -1 2414398 -1 #SUP: 11
2313816 -1 2212090 -1 4126965 -1 #SUP: 12
2313881 -1 2212090 -1 2414397 -1 #SUP: 11
2313881 -1 2212090 -1 2414398 -1 #SUP: 11
2313881 -1 2212090 -1 4126965 -1 #SUP: 11
2212090 -1 2414396 -1 2414397 -1 #SUP: 11
2414396 -1 2212090 -1 2108115 -1 #SUP: 11
2414396 -1 2212090 -1 2212648 -1 #SUP: 11
2414396 -1 2212090 -1 2414397 -1 #SUP: 13
2414396 -1 2212090 -1 2414398 -1 #SUP: 11
2414396 -1 2212090 -1 4126965 -1 #SUP: 12
2212090 -1 2414397 -1 2108115 -1 #SUP: 14
2212090 -1 2414397 -1 2211361 -1 #SUP: 13
2212090 -1 2414397 -1 2212090 -1 #SUP: 13
2212090 -1 2414397 -1 2212093 -1 #SUP: 13
2212090 -1 2414397 -1 2212095 -1 #SUP: 15
2212090 -1 2414397 -1 2212593 -1 #SUP: 12
2212090 -1 2414397 -1 2212648 -1 #SUP: 14
2212090 -1 2414397 -1 2212731 -1 #SUP: 12
2212090 -1 2414397 -1 2313816 -1 #SUP: 11
2212090 -1 2414397 -1 2414396 -1 #SUP: 11
2212090 -1 2414397 -1 2414397 -1 #SUP: 16
2212090 -1 2414397 -1 2414398 -1 #SUP: 13
2212090 -1 2414397 -1 4126965 -1 #SUP: 15
2414397 -1 2212090 -1 2108115 -1 #SUP: 12
2414397 -1 2212090 -1 2211361 -1 #SUP: 13
2414397 -1 2212090 -1 2212090 -1 #SUP: 13
2414397 -1 2212090 -1 2212093 -1 #SUP: 11
2414397 -1 2212090 -1 2212095 -1 #SUP: 13
2414397 -1 2212090 -1 2212648 -1 #SUP: 13
2414397 -1 2212090 2212648 -1 #SUP: 11
2414397 -1 2212090 -1 2212731 -1 #SUP: 11
2414397 -1 2212090 -1 2313816 -1 #SUP: 11
2414397 -1 2212090 -1 2414397 -1 #SUP: 15
2414397 -1 2212090 -1 2414398 -1 #SUP: 13
2414397 -1 2212090 -1 4126965 -1 #SUP: 14
2212090 -1 2414398 -1 2212090 -1 #SUP: 11
2212090 -1 2414398 -1 2212093 -1 #SUP: 11
2212090 -1 2414398 -1 2212095 -1 #SUP: 13
2212090 -1 2414398 -1 2212648 -1 #SUP: 11
2212090 -1 2414398 -1 2414397 -1 #SUP: 12
2212090 -1 2414398 -1 2414398 -1 #SUP: 11
2212090 -1 2414398 -1 4126965 -1 #SUP: 11
2414398 -1 2212090 -1 2108115 -1 #SUP: 11
2414398 -1 2212090 -1 2211361 -1 #SUP: 12
2414398 -1 2212090 -1 2212090 -1 #SUP: 12
2414398 -1 2212090 -1 2212095 -1 #SUP: 12
2414398 -1 2212090 -1 2212648 -1 #SUP: 12
2414398 -1 2212090 -1 2414397 -1 #SUP: 14
2414398 -1 2212090 -1 2414398 -1 #SUP: 13
2414398 -1 2212090 -1 4126965 -1 #SUP: 13
2514406 -1 2212090 -1 4126965 -1 #SUP: 11
2514408 -1 2212090 -1 2414397 -1 #SUP: 11
2514408 -1 2212090 -1 4126965 -1 #SUP: 11
2514437 -1 2212090 -1 2414397 -1 #SUP: 11
2212090 -1 4126965 -1 2211361 -1 #SUP: 11
2212090 -1 4126965 -1 2212090 -1 #SUP: 12
2212090 -1 4126965 -1 2212093 -1 #SUP: 11
2212090 -1 4126965 -1 2212095 -1 #SUP: 11
2212090 -1 4126965 -1 2212648 -1 #SUP: 11
2212090 -1 4126965 -1 2212731 -1 #SUP: 11
2212090 -1 4126965 -1 2313816 -1 #SUP: 11
2212090 -1 4126965 -1 2414397 -1 #SUP: 14
2212090 -1 4126965 -1 4126965 -1 #SUP: 15
4126965 -1 2212090 -1 2108115 -1 #SUP: 11
4126965 -1 2212090 -1 2211361 -1 #SUP: 11
4126965 -1 2212090 -1 2212090 -1 #SUP: 11
4126965 -1 2212090 -1 2212095 -1 #SUP: 11
4126965 -1 2212090 -1 2212648 -1 #SUP: 11
4126965 -1 2212090 -1 2414397 -1 #SUP: 14
4126965 -1 2212090 -1 2414398 -1 #SUP: 12
4126965 -1 2212090 -1 4126965 -1 #SUP: 13
2212093 -1 2212093 -1 2108115 -1 #SUP: 11
2212093 -1 2212093 -1 2212090 -1 #SUP: 12
2212093 -1 2212093 -1 2212093 -1 #SUP: 12
2212093 -1 2212093 -1 2212095 -1 #SUP: 11
2212093 -1 2212093 2212095 -1 #SUP: 13
2212093 -1 2212093 -1 2212166 -1 #SUP: 11
2212093 -1 2212093 -1 2212648 -1 #SUP: 12
2212093 -1 2212093 2212648 -1 #SUP: 11
2212093 -1 2212093 -1 2212731 -1 #SUP: 12
2212093 -1 2212093 -1 2414397 -1 #SUP: 13
2212093 -1 2212093 -1 4126965 -1 #SUP: 12
2212093 -1 2212095 -1 2212090 -1 #SUP: 11
2212093 -1 2212095 -1 2212093 -1 #SUP: 11
2212093 -1 2212095 -1 2212166 -1 #SUP: 11
2212093 -1 2212095 -1 2212648 -1 #SUP: 12
2212093 -1 2212095 -1 2212731 -1 #SUP: 11
2212093 -1 2212095 -1 2414397 -1 #SUP: 13
2212093 -1 2212095 -1 4126965 -1 #SUP: 11
2212095 -1 2212093 -1 2108115 -1 #SUP: 13
2212095 -1 2212093 -1 2211361 -1 #SUP: 12
2212095 -1 2212093 -1 2212090 -1 #SUP: 14
2212095 -1 2212093 -1 2212093 -1 #SUP: 13
2212095 -1 2212093 -1 2212095 -1 #SUP: 12
2212095 -1 2212093 2212095 -1 #SUP: 13
2212095 -1 2212093 -1 2212166 -1 #SUP: 12
2212095 -1 2212093 -1 2212593 -1 #SUP: 11
2212095 -1 2212093 -1 2212648 -1 #SUP: 13
2212095 -1 2212093 2212648 -1 #SUP: 12
2212095 -1 2212093 -1 2212731 -1 #SUP: 13
2212095 -1 2212093 -1 2313816 -1 #SUP: 11
2212095 -1 2212093 -1 2414397 -1 #SUP: 15
2212095 -1 2212093 -1 2414398 -1 #SUP: 11
2212095 -1 2212093 -1 4126965 -1 #SUP: 13
2212093 2212095 -1 2108115 -1 #SUP: 11
2212093 2212095 -1 2212090 -1 #SUP: 12
2212093 2212095 -1 2212093 -1 #SUP: 13
2212093 2212095 -1 2212095 -1 #SUP: 12
2212093 2212095 -1 2212166 -1 #SUP: 11
2212093 2212095 -1 2212648 -1 #SUP: 12
2212093 2212095 2212648 -1 #SUP: 12
2212093 2212095 -1 2212731 -1 #SUP: 12
2212093 2212095 -1 2414397 -1 #SUP: 14
2212093 2212095 -1 2414398 -1 #SUP: 11
2212093 2212095 -1 4126965 -1 #SUP: 12
2212093 -1 2212166 -1 2414397 -1 #SUP: 11
2212093 -1 2212166 -1 4126965 -1 #SUP: 11
2212392 -1 2212093 -1 2212648 -1 #SUP: 11
2212392 -1 2212093 -1 2414397 -1 #SUP: 11
2212093 -1 2212648 -1 2108115 -1 #SUP: 12
2212093 -1 2212648 -1 2212090 -1 #SUP: 12
2212093 -1 2212648 -1 2212093 -1 #SUP: 11
2212093 -1 2212648 -1 2212648 -1 #SUP: 13
2212093 -1 2212648 -1 2212731 -1 #SUP: 11
2212093 -1 2212648 2212731 -1 #SUP: 11
2212093 -1 2212648 -1 2313816 -1 #SUP: 11
2212093 -1 2212648 -1 2414397 -1 #SUP: 12
2212093 -1 2212648 -1 2414398 -1 #SUP: 11
2212093 -1 2212648 -1 4126965 -1 #SUP: 13
2212648 -1 2212093 -1 2108115 -1 #SUP: 12
2212648 -1 2212093 -1 2211361 -1 #SUP: 11
2212648 -1 2212093 -1 2212090 -1 #SUP: 13
2212648 -1 2212093 -1 2212093 -1 #SUP: 12
2212648 -1 2212093 -1 2212095 -1 #SUP: 11
2212648 -1 2212093 2212095 -1 #SUP: 12
2212648 -1 2212093 -1 2212166 -1 #SUP: 11
2212648 -1 2212093 -1 2212648 -1 #SUP: 13
2212648 -1 2212093 2212648 -1 #SUP: 11
2212648 -1 2212093 -1 2212731 -1 #SUP: 13
2212648 -1 2212093 -1 2313816 -1 #SUP: 11
2212648 -1 2212093 -1 2414397 -1 #SUP: 13
2212648 -1 2212093 -1 2414398 -1 #SUP: 12
2212648 -1 2212093 -1 4126965 -1 #SUP: 13
2212093 2212648 -1 2108115 -1 #SUP: 11
2212093 2212648 -1 2212090 -1 #SUP: 12
2212093 2212648 -1 2212093 -1 #SUP: 12
2212093 2212648 -1 2212095 -1 #SUP: 11
2212093 2212648 -1 2212392 -1 #SUP: 11
2212093 2212648 -1 2212648 -1 #SUP: 12
2212093 2212648 -1 2212731 -1 #SUP: 12
2212093 2212648 -1 2414397 -1 #SUP: 13
2212093 2212648 -1 2414398 -1 #SUP: 12
2212093 2212648 -1 4126965 -1 #SUP: 12
2212093 -1 2212731 -1 2212090 -1 #SUP: 11
2212093 -1 2212731 -1 2212093 -1 #SUP: 11
2212093 -1 2212731 -1 2212095 -1 #SUP: 11
2212093 -1 2212731 -1 2212648 -1 #SUP: 11
2212093 -1 2212731 -1 2313816 -1 #SUP: 12
2212093 -1 2212731 -1 2414397 -1 #SUP: 12
2212093 -1 2212731 -1 4126965 -1 #SUP: 13
2212731 -1 2212093 -1 2212095 -1 #SUP: 11
2212731 -1 2212093 2212095 -1 #SUP: 11
2212731 -1 2212093 -1 2414397 -1 #SUP: 11
2212093 -1 2313816 -1 2211359 -1 #SUP: 11
2212093 -1 2313816 -1 2313816 -1 #SUP: 11
2212093 -1 2313816 -1 4126965 -1 #SUP: 12
2313816 -1 2212093 -1 2414397 -1 #SUP: 11
2414396 -1 2212093 -1 2108115 -1 #SUP: 12
2414396 -1 2212093 -1 2212090 -1 #SUP: 12
2414396 -1 2212093 2212095 -1 #SUP: 11
2414396 -1 2212093 -1 2212648 -1 #SUP: 12
2414396 -1 2212093 2212648 -1 #SUP: 11
2414396 -1 2212093 -1 2414397 -1 #SUP: 13
2414396 -1 2212093 -1 2414398 -1 #SUP: 13
2414396 -1 2212093 -1 4126965 -1 #SUP: 12
2212093 -1 2414397 -1 2108115 -1 #SUP: 13
2212093 -1 2414397 -1 2211361 -1 #SUP: 11
2212093 -1 2414397 -1 2212090 -1 #SUP: 12
2212093 -1 2414397 -1 2212093 -1 #SUP: 13
2212093 -1 2414397 -1 2212095 -1 #SUP: 13
2212093 -1 2414397 -1 2212166 -1 #SUP: 11
2212093 -1 2414397 -1 2212593 -1 #SUP: 11
2212093 -1 2414397 -1 2212648 -1 #SUP: 12
2212093 -1 2414397 -1 2212731 -1 #SUP: 12
2212093 -1 2414397 -1 2414397 -1 #SUP: 15
2212093 -1 2414397 -1 2414398 -1 #SUP: 13
2212093 -1 2414397 -1 4126965 -1 #SUP: 13
2414397 -1 2212093 -1 2108115 -1 #SUP: 14
2414397 -1 2212093 -1 2211359 -1 #SUP: 11
2414397 -1 2212093 -1 2211361 -1 #SUP: 14
2414397 -1 2212093 -1 2212090 -1 #SUP: 14
2414397 -1 2212093 -1 2212093 -1 #SUP: 13
2414397 -1 2212093 -1 2212095 -1 #SUP: 13
2414397 -1 2212093 2212095 -1 #SUP: 14
2414397 -1 2212093 -1 2212166 -1 #SUP: 12
2414397 -1 2212093 -1 2212392 -1 #SUP: 11
2414397 -1 2212093 -1 2212593 -1 #SUP: 11
2414397 -1 2212093 -1 2212648 -1 #SUP: 14
2414397 -1 2212093 2212648 -1 #SUP: 13
2414397 -1 2212093 -1 2212731 -1 #SUP: 14
2414397 -1 2212093 2212731 -1 #SUP: 11
2414397 -1 2212093 -1 2313816 -1 #SUP: 13
2414397 -1 2212093 -1 2414397 -1 #SUP: 16
2414397 -1 2212093 -1 2414398 -1 #SUP: 15
2414397 -1 2212093 -1 4126965 -1 #SUP: 15
2212093 -1 2414398 -1 2212090 -1 #SUP: 11
2212093 -1 2414398 -1 2212648 -1 #SUP: 11
2212093 -1 2414398 -1 2212731 -1 #SUP: 11
2212093 -1 2414398 -1 2313816 -1 #SUP: 11
2212093 -1 2414398 -1 2414397 -1 #SUP: 13
2212093 -1 2414398 -1 2414398 -1 #SUP: 14
2212093 -1 2414398 -1 4126965 -1 #SUP: 13
2414398 -1 2212093 -1 2108115 -1 #SUP: 11
2414398 -1 2212093 -1 2211361 -1 #SUP: 11
2414398 -1 2212093 -1 2212090 -1 #SUP: 12
2414398 -1 2212093 2212095 -1 #SUP: 11
2414398 -1 2212093 -1 2212648 -1 #SUP: 11
2414398 -1 2212093 2212648 -1 #SUP: 11
2414398 -1 2212093 -1 2212731 -1 #SUP: 11
2414398 -1 2212093 -1 2414397 -1 #SUP: 13
2414398 -1 2212093 -1 2414398 -1 #SUP: 12
2414398 -1 2212093 -1 4126965 -1 #SUP: 12
2514437 -1 2212093 -1 2212648 -1 #SUP: 11
2514437 -1 2212093 -1 2414397 -1 #SUP: 11
2514437 -1 2212093 -1 4126965 -1 #SUP: 11
2212093 -1 4126965 -1 2211361 -1 #SUP: 11
2212093 -1 4126965 -1 2212090 -1 #SUP: 12
2212093 -1 4126965 -1 2212093 -1 #SUP: 11
2212093 -1 4126965 -1 2212095 -1 #SUP: 11
2212093 -1 4126965 -1 2212648 -1 #SUP: 11
2212093 -1 4126965 -1 2212731 -1 #SUP: 12
2212093 -1 4126965 -1 2313816 -1 #SUP: 12
2212093 -1 4126965 -1 2414397 -1 #SUP: 13
2212093 -1 4126965 -1 2414398 -1 #SUP: 11
2212093 -1 4126965 -1 4126965 -1 #SUP: 14
4126965 -1 2212093 -1 2108115 -1 #SUP: 11
4126965 -1 2212093 -1 2211361 -1 #SUP: 11
4126965 -1 2212093 -1 2212090 -1 #SUP: 12
4126965 -1 2212093 -1 2212093 -1 #SUP: 12
4126965 -1 2212093 -1 2212095 -1 #SUP: 12
4126965 -1 2212093 2212095 -1 #SUP: 12
4126965 -1 2212093 -1 2212648 -1 #SUP: 12
4126965 -1 2212093 2212648 -1 #SUP: 12
4126965 -1 2212093 -1 2212731 -1 #SUP: 11
4126965 -1 2212093 2212731 -1 #SUP: 11
4126965 -1 2212093 -1 2313816 -1 #SUP: 12
4126965 -1 2212093 -1 2414397 -1 #SUP: 14
4126965 -1 2212093 -1 4126965 -1 #SUP: 13
2212095 -1 2212095 -1 2108115 -1 #SUP: 11
2212095 -1 2212095 -1 2211361 -1 #SUP: 11
2212095 -1 2212095 -1 2212090 -1 #SUP: 12
2212095 -1 2212095 -1 2212093 -1 #SUP: 12
2212095 -1 2212095 -1 2212095 -1 #SUP: 13
2212095 -1 2212095 -1 2212166 -1 #SUP: 11
2212095 -1 2212095 -1 2212593 -1 #SUP: 11
2212095 -1 2212095 -1 2212648 -1 #SUP: 13
2212095 -1 2212095 2212648 -1 #SUP: 12
2212095 -1 2212095 -1 2414397 -1 #SUP: 14
2212095 -1 2212095 -1 4126965 -1 #SUP: 11
2212095 -1 2212392 -1 2414397 -1 #SUP: 11
2212392 -1 2212095 -1 2108115 -1 #SUP: 12
2212392 -1 2212095 -1 2212093 -1 #SUP: 11
2212392 -1 2212095 -1 2212648 -1 #SUP: 12
2212392 -1 2212095 -1 2414397 -1 #SUP: 13
2212392 -1 2212095 -1 4126965 -1 #SUP: 11
2212095 -1 2212453 -1 2414397 -1 #SUP: 11
2212095 -1 2212593 -1 2414397 -1 #SUP: 12
2212095 -1 2212648 -1 2108115 -1 #SUP: 12
2212095 -1 2212648 -1 2211361 -1 #SUP: 11
2212095 -1 2212648 -1 2212090 -1 #SUP: 13
2212095 -1 2212648 -1 2212093 -1 #SUP: 12
2212095 -1 2212648 -1 2212095 -1 #SUP: 11
2212095 -1 2212648 -1 2212648 -1 #SUP: 13
2212095 -1 2212648 -1 2212731 -1 #SUP: 11
2212095 -1 2212648 2212731 -1 #SUP: 11
2212095 -1 2212648 -1 2414397 -1 #SUP: 13
2212095 -1 2212648 -1 2414398 -1 #SUP: 11
2212095 -1 2212648 -1 4126965 -1 #SUP: 12
2212648 -1 2212095 -1 2108115 -1 #SUP: 12
2212648 -1 2212095 -1 2211359 -1 #SUP: 11
2212648 -1 2212095 -1 2211361 -1 #SUP: 11
2212648 -1 2212095 -1 2212090 -1 #SUP: 12
2212648 -1 2212095 -1 2212093 -1 #SUP: 12
2212648 -1 2212095 -1 2212095 -1 #SUP: 11
2212648 -1 2212095 -1 2212166 -1 #SUP: 11
2212648 -1 2212095 -1 2212593 -1 #SUP: 11
2212648 -1 2212095 -1 2212648 -1 #SUP: 13
2212648 -1 2212095 2212648 -1 #SUP: 11
2212648 -1 2212095 -1 2212731 -1 #SUP: 11
2212648 -1 2212095 -1 2414397 -1 #SUP: 14
2212648 -1 2212095 -1 4126965 -1 #SUP: 12
2212095 2212648 -1 2108115 -1 #SUP: 12
2212095 2212648 -1 2212090 -1 #SUP: 12
2212095 2212648 -1 2212093 -1 #SUP: 12
2212095 2212648 -1 2212095 -1 #SUP: 11
2212095 2212648 -1 2212593 -1 #SUP: 11
2212095 2212648 -1 2212648 -1 #SUP: 12
2212095 2212648 -1 2414397 -1 #SUP: 14
2212095 2212648 -1 2414398 -1 #SUP: 11
2212095 2212648 -1 4126965 -1 #SUP: 11
2212095 -1 2212731 -1 2212090 -1 #SUP: 12
2212095 -1 2212731 -1 2212093 -1 #SUP: 12
2212095 -1 2212731 -1 2212095 -1 #SUP: 11
2212095 -1 2212731 -1 2212648 -1 #SUP: 12
2212095 -1 2212731 -1 2313816 -1 #SUP: 11
2212095 -1 2212731 -1 2414397 -1 #SUP: 12
2212095 -1 2212731 -1 4126965 -1 #SUP: 12
2212731 -1 2212095 -1 2212648 -1 #SUP: 11
2212731 -1 2212095 -1 2414397 -1 #SUP: 11
2313814 -1 2212095 -1 2414397 -1 #SUP: 12
2212095 -1 2313816 -1 2211359 -1 #SUP: 11
2212095 -1 2313816 -1 2212090 -1 #SUP: 12
2212095 -1 2313816 -1 2212095 -1 #SUP: 11
2212095 -1 2313816 -1 2212648 -1 #SUP: 11
2212095 -1 2313816 -1 2313816 -1 #SUP: 11
2212095 -1 2313816 -1 2414397 -1 #SUP: 11
2212095 -1 2313816 -1 4126965 -1 #SUP: 11
2313816 -1 2212095 -1 2212090 -1 #SUP: 11
2313816 -1 2212095 -1 2212593 -1 #SUP: 11
2313816 -1 2212095 -1 2414397 -1 #SUP: 12
2313881 -1 2212095 -1 2211361 -1 #SUP: 11
2313881 -1 2212095 -1 2414397 -1 #SUP: 12
2414396 -1 2212095 -1 2108115 -1 #SUP: 13
2414396 -1 2212095 -1 2212090 -1 #SUP: 12
2414396 -1 2212095 -1 2212093 -1 #SUP: 12
2414396 -1 2212095 -1 2212648 -1 #SUP: 13
2414396 -1 2212095 2212648 -1 #SUP: 11
2414396 -1 2212095 -1 2414397 -1 #SUP: 14
2414396 -1 2212095 -1 4126965 -1 #SUP: 11
2212095 -1 2414397 -1 2108115 -1 #SUP: 16
2212095 -1 2414397 -1 2211359 -1 #SUP: 12
2212095 -1 2414397 -1 2211361 -1 #SUP: 13
2212095 -1 2414397 -1 2212090 -1 #SUP: 14
2212095 -1 2414397 -1 2212093 -1 #SUP: 16
2212095 -1 2414397 -1 2212095 -1 #SUP: 14
2212095 -1 2414397 -1 2212166 -1 #SUP: 12
2212095 -1 2414397 -1 2212392 -1 #SUP: 11
2212095 -1 2414397 -1 2212593 -1 #SUP: 13
2212095 -1 2414397 -1 2212648 -1 #SUP: 15
2212095 -1 2414397 -1 2212731 -1 #SUP: 13
2212095 -1 2414397 -1 2313814 -1 #SUP: 11
2212095 -1 2414397 -1 2313816 -1 #SUP: 12
2212095 -1 2414397 -1 2414397 -1 #SUP: 17
2212095 -1 2414397 -1 2414398 -1 #SUP: 13
2212095 -1 2414397 -1 4126965 -1 #SUP: 14
2414397 -1 2212095 -1 2108115 -1 #SUP: 15
2414397 -1 2212095 -1 2211359 -1 #SUP: 11
2414397 -1 2212095 -1 2211361 -1 #SUP: 13
2414397 -1 2212095 -1 2212090 -1 #SUP: 14
2414397 -1 2212095 -1 2212093 -1 #SUP: 15
2414397 -1 2212095 -1 2212095 -1 #SUP: 13
2414397 -1 2212095 -1 2212166 -1 #SUP: 12
2414397 -1 2212095 -1 2212392 -1 #SUP: 11
2414397 -1 2212095 -1 2212593 -1 #SUP: 13
2414397 -1 2212095 -1 2212648 -1 #SUP: 15
2414397 -1 2212095 2212648 -1 #SUP: 13
2414397 -1 2212095 -1 2212731 -1 #SUP: 12
2414397 -1 2212095 -1 2313816 -1 #SUP: 12
2414397 -1 2212095 -1 2414397 -1 #SUP: 17
2414397 -1 2212095 -1 2414398 -1 #SUP: 12
2414397 -1 2212095 -1 4126965 -1 #SUP: 14
2212095 -1 2414398 -1 2212090 -1 #SUP: 11
2212095 -1 2414398 -1 2212093 -1 #SUP: 11
2212095 -1 2414398 -1 2212648 -1 #SUP: 12
2212095 -1 2414398 -1 2414397 -1 #SUP: 13
2212095 -1 2414398 -1 2414398 -1 #SUP: 11
2212095 -1 2414398 -1 4126965 -1 #SUP: 11
2414398 -1 2212095 -1 2108115 -1 #SUP: 12
2414398 -1 2212095 -1 2212090 -1 #SUP: 12
2414398 -1 2212095 -1 2212093 -1 #SUP: 12
2414398 -1 2212095 -1 2212648 -1 #SUP: 12
2414398 -1 2212095 -1 2414397 -1 #SUP: 14
2414398 -1 2212095 -1 2414398 -1 #SUP: 11
2514437 -1 2212095 -1 2212648 -1 #SUP: 11
2514437 -1 2212095 -1 2414397 -1 #SUP: 11
2212095 -1 4126965 -1 2108115 -1 #SUP: 12
2212095 -1 4126965 -1 2211359 -1 #SUP: 11
2212095 -1 4126965 -1 2211361 -1 #SUP: 12
2212095 -1 4126965 -1 2212090 -1 #SUP: 13
2212095 -1 4126965 -1 2212093 -1 #SUP: 12
2212095 -1 4126965 -1 2212095 -1 #SUP: 12
2212095 -1 4126965 -1 2212648 -1 #SUP: 11
2212095 -1 4126965 -1 2313816 -1 #SUP: 12
2212095 -1 4126965 -1 2414397 -1 #SUP: 14
2212095 -1 4126965 -1 4126965 -1 #SUP: 13
4126965 -1 2212095 -1 2108115 -1 #SUP: 12
4126965 -1 2212095 -1 2212090 -1 #SUP: 12
4126965 -1 2212095 -1 2212093 -1 #SUP: 12
4126965 -1 2212095 -1 2212095 -1 #SUP: 11
4126965 -1 2212095 -1 2212593 -1 #SUP: 11
4126965 -1 2212095 -1 2212648 -1 #SUP: 12
4126965 -1 2212095 2212648 -1 #SUP: 12
4126965 -1 2212095 -1 2414397 -1 #SUP: 14
4126965 -1 2212095 -1 4126965 -1 #SUP: 12
2212166 -1 2414397 -1 2414397 -1 #SUP: 12
2212166 -1 2414397 -1 4126965 -1 #SUP: 11
2414397 -1 2212166 -1 2414397 -1 #SUP: 12
2414397 -1 2212166 -1 4126965 -1 #SUP: 12
2212166 -1 4126965 -1 2414397 -1 #SUP: 11
2212166 -1 4126965 -1 4126965 -1 #SUP: 11
2212392 -1 2212392 -1 2414397 -1 #SUP: 11
2212392 -1 2212593 -1 2414397 -1 #SUP: 11
2212392 -1 2212648 -1 2108115 -1 #SUP: 12
2212392 -1 2212648 -1 2212090 -1 #SUP: 12
2212392 -1 2212648 -1 2212095 -1 #SUP: 11
2212392 -1 2212648 -1 2212648 -1 #SUP: 13
2212392 -1 2212648 -1 2212731 -1 #SUP: 11
2212392 -1 2212648 -1 2414397 -1 #SUP: 13
2212392 -1 2212648 -1 2414398 -1 #SUP: 11
2212392 -1 2212648 -1 4126965 -1 #SUP: 11
2212648 -1 2212392 -1 2212090 -1 #SUP: 11
2212648 -1 2212392 -1 2212648 -1 #SUP: 11
2212648 -1 2212392 -1 2414397 -1 #SUP: 11
2212392 -1 2212731 -1 4126965 -1 #SUP: 11
2212392 -1 2414397 -1 2108115 -1 #SUP: 13
2212392 -1 2414397 -1 2211359 -1 #SUP: 11
2212392 -1 2414397 -1 2212090 -1 #SUP: 12
2212392 -1 2414397 -1 2212093 -1 #SUP: 11
2212392 -1 2414397 -1 2212095 -1 #SUP: 13
2212392 -1 2414397 -1 2212593 -1 #SUP: 11
2212392 -1 2414397 -1 2212648 -1 #SUP: 13
2212392 -1 2414397 -1 2414397 -1 #SUP: 14
2212392 -1 2414397 -1 2414398 -1 #SUP: 11
2212392 -1 2414397 -1 4126965 -1 #SUP: 13
2414397 -1 2212392 -1 2212648 -1 #SUP: 11
2414397 -1 2212392 -1 2414397 -1 #SUP: 12
2212392 -1 2414398 -1 2414397 -1 #SUP: 11
2212392 -1 2414398 -1 2414398 -1 #SUP: 12
2212392 -1 2514408 -1 2212090 -1 #SUP: 11
2212392 -1 2514408 -1 4126965 -1 #SUP: 11
2212392 -1 4126965 -1 2108115 -1 #SUP: 11
2212392 -1 4126965 -1 2212090 -1 #SUP: 12
2212392 -1 4126965 -1 2212095 -1 #SUP: 11
2212392 -1 4126965 -1 2414397 -1 #SUP: 12
2212392 -1 4126965 -1 4126965 -1 #SUP: 13
4126965 -1 2212392 -1 2212090 -1 #SUP: 11
4126965 -1 2212392 -1 2414397 -1 #SUP: 11
4126965 -1 2212392 -1 4126965 -1 #SUP: 11
2212648 -1 2212453 -1 2414397 -1 #SUP: 11
2414396 -1 2212453 -1 2414397 -1 #SUP: 11
2212453 -1 2414397 -1 2108115 -1 #SUP: 11
2212453 -1 2414397 -1 2414397 -1 #SUP: 12
2212453 -1 2414397 -1 2414398 -1 #SUP: 11
2414397 -1 2212453 -1 2108115 -1 #SUP: 11
2414397 -1 2212453 -1 2212593 -1 #SUP: 11
2414397 -1 2212453 -1 2212648 -1 #SUP: 11
2414397 -1 2212453 2212648 -1 #SUP: 11
2414397 -1 2212453 -1 2414397 -1 #SUP: 13
2414397 -1 2212453 -1 2414398 -1 #SUP: 11
2414398 -1 2212453 -1 2414397 -1 #SUP: 12
4126965 -1 2212453 -1 2414397 -1 #SUP: 11
2212648 -1 2212593 -1 2414397 -1 #SUP: 12
2212593 2212648 -1 2414397 -1 #SUP: 11
2414396 -1 2212593 -1 2414397 -1 #SUP: 12
2212593 -1 2414397 -1 2414397 -1 #SUP: 13
2414397 -1 2212593 2212648 -1 #SUP: 11
2414397 -1 2212593 -1 2414397 -1 #SUP: 14
2414398 -1 2212593 -1 2414397 -1 #SUP: 11
4126965 -1 2212593 -1 2414397 -1 #SUP: 12
2212648 -1 2212648 -1 2108115 -1 #SUP: 14
2212648 -1 2212648 -1 2211361 -1 #SUP: 12
2212648 -1 2212648 -1 2212090 -1 #SUP: 14
2212648 -1 2212648 -1 2212093 -1 #SUP: 12
2212648 -1 2212648 -1 2212095 -1 #SUP: 12
2212648 -1 2212648 -1 2212648 -1 #SUP: 15
2212648 -1 2212648 -1 2212731 -1 #SUP: 13
2212648 -1 2212648 2212731 -1 #SUP: 11
2212648 -1 2212648 -1 2313816 -1 #SUP: 11
2212648 -1 2212648 -1 2414397 -1 #SUP: 14
2212648 -1 2212648 -1 2414398 -1 #SUP: 13
2212648 -1 2212648 -1 4126965 -1 #SUP: 13
2212648 -1 2212731 -1 2212090 -1 #SUP: 12
2212648 -1 2212731 -1 2212093 -1 #SUP: 12
2212648 -1 2212731 -1 2212095 -1 #SUP: 11
2212648 -1 2212731 -1 2212648 -1 #SUP: 12
2212648 -1 2212731 -1 2313816 -1 #SUP: 12
2212648 -1 2212731 -1 2414397 -1 #SUP: 12
2212648 -1 2212731 -1 2414398 -1 #SUP: 11
2212648 -1 2212731 -1 4126965 -1 #SUP: 13
2212648 2212731 -1 2108115 -1 #SUP: 11
2212648 2212731 -1 2212090 -1 #SUP: 11
2212648 2212731 -1 2212648 -1 #SUP: 12
2212648 2212731 -1 2212731 -1 #SUP: 11
2212648 2212731 -1 2313816 -1 #SUP: 11
2212648 2212731 -1 2414397 -1 #SUP: 11
2212648 2212731 -1 2414398 -1 #SUP: 11
2212648 2212731 -1 4126965 -1 #SUP: 12
2212648 -1 2313814 -1 2414397 -1 #SUP: 11
2212648 -1 2313814 -1 2414398 -1 #SUP: 11
2212648 -1 2313814 -1 4126965 -1 #SUP: 11
2212648 -1 2313816 -1 2211359 -1 #SUP: 11
2212648 -1 2313816 -1 2212090 -1 #SUP: 12
2212648 -1 2313816 -1 2212095 -1 #SUP: 11
2212648 -1 2313816 -1 2212648 -1 #SUP: 12
2212648 -1 2313816 -1 2313816 -1 #SUP: 12
2212648 -1 2313816 -1 4126965 -1 #SUP: 12
2212648 -1 2313816 4126965 -1 #SUP: 11
2313816 -1 2212648 -1 2212648 -1 #SUP: 11
2313816 -1 2212648 -1 4126965 -1 #SUP: 11
2414396 -1 2212648 -1 2108115 -1 #SUP: 12
2414396 -1 2212648 -1 2212090 -1 #SUP: 12
2414396 -1 2212648 -1 2212093 -1 #SUP: 11
2414396 -1 2212648 -1 2212095 -1 #SUP: 12
2414396 -1 2212648 -1 2212648 -1 #SUP: 13
2414396 -1 2212648 -1 2414397 -1 #SUP: 13
2414396 -1 2212648 -1 2414398 -1 #SUP: 13
2414396 -1 2212648 -1 4126965 -1 #SUP: 12
2212648 -1 2414397 -1 2108115 -1 #SUP: 14
2212648 -1 2414397 -1 2211359 -1 #SUP: 12
2212648 -1 2414397 -1 2211361 -1 #SUP: 12
2212648 -1 2414397 -1 2212090 -1 #SUP: 13
2212648 -1 2414397 -1 2212093 -1 #SUP: 14
2212648 -1 2414397 -1 2212095 -1 #SUP: 14
2212648 -1 2414397 -1 2212166 -1 #SUP: 11
2212648 -1 2414397 -1 2212453 -1 #SUP: 11
2212648 -1 2414397 -1 2212593 -1 #SUP: 12
2212648 -1 2414397 -1 2212648 -1 #SUP: 14
2212648 -1 2414397 -1 2212731 -1 #SUP: 13
2212648 -1 2414397 -1 2313814 -1 #SUP: 11
2212648 -1 2414397 -1 2313816 -1 #SUP: 11
2212648 -1 2414397 -1 2414397 -1 #SUP: 16
2212648 -1 2414397 -1 2414398 -1 #SUP: 14
2212648 -1 2414397 -1 4126965 -1 #SUP: 14
2414397 -1 2212648 -1 2108115 -1 #SUP: 14
2414397 -1 2212648 -1 2211361 -1 #SUP: 12
2414397 -1 2212648 -1 2212090 -1 #SUP: 13
2414397 -1 2212648 -1 2212093 -1 #SUP: 13
2414397 -1 2212648 -1 2212095 -1 #SUP: 13
2414397 -1 2212648 -1 2212392 -1 #SUP: 11
2414397 -1 2212648 -1 2212593 -1 #SUP: 11
2414397 -1 2212648 -1 2212648 -1 #SUP: 15
2414397 -1 2212648 -1 2212731 -1 #SUP: 13
2414397 -1 2212648 2212731 -1 #SUP: 13
2414397 -1 2212648 -1 2313816 -1 #SUP: 11
2414397 -1 2212648 -1 2414397 -1 #SUP: 15
2414397 -1 2212648 -1 2414398 -1 #SUP: 14
2414397 -1 2212648 -1 4126965 -1 #SUP: 13
2212648 -1 2414398 -1 2212090 -1 #SUP: 12
2212648 -1 2414398 -1 2212093 -1 #SUP: 11
2212648 -1 2414398 -1 2212095 -1 #SUP: 11
2212648 -1 2414398 -1 2212648 -1 #SUP: 12
2212648 -1 2414398 -1 2212731 -1 #SUP: 11
2212648 -1 2414398 -1 2313816 -1 #SUP: 11
2212648 -1 2414398 -1 2414397 -1 #SUP: 14
2212648 -1 2414398 -1 2414398 -1 #SUP: 14
2212648 -1 2414398 -1 4126965 -1 #SUP: 13
2414398 -1 2212648 -1 2212090 -1 #SUP: 11
2414398 -1 2212648 -1 2212648 -1 #SUP: 12
2414398 -1 2212648 2212731 -1 #SUP: 11
2414398 -1 2212648 -1 2414397 -1 #SUP: 13
2414398 -1 2212648 -1 2414398 -1 #SUP: 12
2414398 -1 2212648 -1 4126965 -1 #SUP: 11
2212648 -1 2514406 -1 2212090 -1 #SUP: 11
2212648 -1 2514406 -1 2313816 -1 #SUP: 11
2212648 -1 2514406 -1 4126965 -1 #SUP: 11
2212648 -1 2514408 -1 2212090 -1 #SUP: 11
2212648 -1 4126965 -1 2108115 -1 #SUP: 11
2212648 -1 4126965 -1 2211359 -1 #SUP: 11
2212648 -1 4126965 -1 2211361 -1 #SUP: 11
2212648 -1 4126965 -1 2212090 -1 #SUP: 13
2212648 -1 4126965 -1 2212093 -1 #SUP: 11
2212648 -1 4126965 -1 2212095 -1 #SUP: 12
2212648 -1 4126965 -1 2212648 -1 #SUP: 12
2212648 -1 4126965 -1 2212731 -1 #SUP: 12
2212648 -1 4126965 -1 2313816 -1 #SUP: 12
2212648 -1 4126965 -1 2414397 -1 #SUP: 13
2212648 -1 4126965 -1 2414398 -1 #SUP: 11
2212648 -1 4126965 -1 4126965 -1 #SUP: 14
4126965 -1 2212648 -1 2108115 -1 #SUP: 12
4126965 -1 2212648 -1 2211359 -1 #SUP: 11
4126965 -1 2212648 -1 2211361 -1 #SUP: 11
4126965 -1 2212648 -1 2212090 -1 #SUP: 12
4126965 -1 2212648 -1 2212093 -1 #SUP: 12
4126965 -1 2212648 -1 2212095 -1 #SUP: 13
4126965 -1 2212648 -1 2212392 -1 #SUP: 12
4126965 -1 2212648 -1 2212648 -1 #SUP: 13
4126965 -1 2212648 -1 2212731 -1 #SUP: 12
4126965 -1 2212648 2212731 -1 #SUP: 12
4126965 -1 2212648 -1 2313816 -1 #SUP: 12
4126965 -1 2212648 -1 2414397 -1 #SUP: 14
4126965 -1 2212648 -1 2414398 -1 #SUP: 12
4126965 -1 2212648 -1 4126965 -1 #SUP: 14
2212731 -1 2212731 -1 4126965 -1 #SUP: 11
2313814 -1 2212731 -1 4126965 -1 #SUP: 11
2212731 -1 2313816 -1 2211359 -1 #SUP: 11
2212731 -1 2313816 -1 4126965 -1 #SUP: 12
2313816 -1 2212731 -1 4126965 -1 #SUP: 11
2313881 -1 2212731 -1 4126965 -1 #SUP: 11
2414396 -1 2212731 -1 4126965 -1 #SUP: 11
2212731 -1 2414397 -1 2108115 -1 #SUP: 11
2212731 -1 2414397 -1 2212090 -1 #SUP: 11
2212731 -1 2414397 -1 2212093 -1 #SUP: 12
2212731 -1 2414397 -1 2212095 -1 #SUP: 12
2212731 -1 2414397 -1 2212648 -1 #SUP: 11
2212731 -1 2414397 -1 2414397 -1 #SUP: 12
2212731 -1 2414397 -1 2414398 -1 #SUP: 11
2212731 -1 2414397 -1 4126965 -1 #SUP: 12
2414397 -1 2212731 -1 2108115 -1 #SUP: 11
2414397 -1 2212731 -1 2211359 -1 #SUP: 11
2414397 -1 2212731 -1 2211361 -1 #SUP: 11
2414397 -1 2212731 -1 2212090 -1 #SUP: 13
2414397 -1 2212731 -1 2212093 -1 #SUP: 12
2414397 -1 2212731 -1 2212095 -1 #SUP: 12
2414397 -1 2212731 -1 2212648 -1 #SUP: 13
2414397 -1 2212731 -1 2313816 -1 #SUP: 13
2414397 -1 2212731 -1 2414397 -1 #SUP: 13
2414397 -1 2212731 -1 2414398 -1 #SUP: 12
2414397 -1 2212731 -1 4126965 -1 #SUP: 15
2212731 -1 2414398 -1 2414397 -1 #SUP: 11
2212731 -1 2414398 -1 2414398 -1 #SUP: 12
2212731 -1 2414398 -1 4126965 -1 #SUP: 11
2414398 -1 2212731 -1 2212090 -1 #SUP: 11
2414398 -1 2212731 -1 2313816 -1 #SUP: 11
2414398 -1 2212731 -1 2414397 -1 #SUP: 11
2414398 -1 2212731 -1 4126965 -1 #SUP: 13
2514406 -1 2212731 -1 4126965 -1 #SUP: 11
2514437 -1 2212731 -1 4126965 -1 #SUP: 11
2212731 -1 4126965 -1 2212090 -1 #SUP: 12
2212731 -1 4126965 -1 2212648 -1 #SUP: 11
2212731 -1 4126965 -1 2212731 -1 #SUP: 11
2212731 -1 4126965 -1 2313816 -1 #SUP: 12
2212731 -1 4126965 -1 2414397 -1 #SUP: 13
2212731 -1 4126965 -1 2414398 -1 #SUP: 11
2212731 -1 4126965 -1 4126965 -1 #SUP: 13
4126965 -1 2212731 -1 2212090 -1 #SUP: 12
4126965 -1 2212731 -1 2212093 -1 #SUP: 11
4126965 -1 2212731 -1 2212095 -1 #SUP: 11
4126965 -1 2212731 -1 2212648 -1 #SUP: 12
4126965 -1 2212731 -1 2313816 -1 #SUP: 11
4126965 -1 2212731 -1 2414397 -1 #SUP: 13
4126965 -1 2212731 -1 4126965 -1 #SUP: 14
2313814 -1 2313816 -1 2313816 -1 #SUP: 11
2313814 -1 2313816 -1 2414397 -1 #SUP: 11
2313814 -1 2313816 -1 4126965 -1 #SUP: 12
2313814 -1 2313816 4126965 -1 #SUP: 12
2313814 -1 2414397 -1 2108115 -1 #SUP: 12
2313814 -1 2414397 -1 2211361 -1 #SUP: 12
2313814 -1 2414397 -1 2212090 -1 #SUP: 11
2313814 -1 2414397 -1 2212093 -1 #SUP: 11
2313814 -1 2414397 -1 2212095 -1 #SUP: 12
2313814 -1 2414397 -1 2313816 -1 #SUP: 11
2313814 -1 2414397 -1 2414397 -1 #SUP: 13
2313814 -1 2414397 -1 2414398 -1 #SUP: 12
2313814 -1 2414397 -1 4126965 -1 #SUP: 13
2414397 -1 2313814 -1 2108115 -1 #SUP: 12
2414397 -1 2313814 -1 2211359 -1 #SUP: 11
2414397 -1 2313814 -1 2211361 -1 #SUP: 12
2414397 -1 2313814 -1 2212090 -1 #SUP: 12
2414397 -1 2313814 -1 2212093 -1 #SUP: 11
2414397 -1 2313814 -1 2212095 -1 #SUP: 12
2414397 -1 2313814 -1 2212731 -1 #SUP: 11
2414397 -1 2313814 -1 2313816 -1 #SUP: 13
2414397 -1 2313814 -1 2414397 -1 #SUP: 13
2414397 -1 2313814 -1 2414398 -1 #SUP: 12
2414397 -1 2313814 -1 4126965 -1 #SUP: 14
2313814 -1 2414398 -1 2211361 -1 #SUP: 11
2313814 -1 2414398 -1 2212090 -1 #SUP: 11
2313814 -1 2414398 -1 2313816 -1 #SUP: 11
2313814 -1 2414398 -1 2414397 -1 #SUP: 12
2313814 -1 2414398 -1 2414398 -1 #SUP: 12
2313814 -1 2414398 -1 4126965 -1 #SUP: 13
2313814 -1 4126965 -1 2212090 -1 #SUP: 11
2313814 -1 4126965 -1 2313816 -1 #SUP: 12
2313814 -1 4126965 -1 2414397 -1 #SUP: 12
2313814 -1 4126965 -1 4126965 -1 #SUP: 13
4126965 -1 2313814 -1 2313816 -1 #SUP: 11
4126965 -1 2313814 -1 4126965 -1 #SUP: 11
2414397 -1 2313815 -1 4126965 -1 #SUP: 11
2313816 -1 2313816 -1 2211359 -1 #SUP: 12
2313816 -1 2313816 -1 2211361 -1 #SUP: 12
2313816 -1 2313816 -1 2212090 -1 #SUP: 11
2313816 -1 2313816 -1 2313816 -1 #SUP: 13
2313816 -1 2313816 -1 2414397 -1 #SUP: 12
2313816 -1 2313816 -1 2414398 -1 #SUP: 12
2313816 -1 2313816 -1 2514408 -1 #SUP: 11
2313816 -1 2313816 -1 4126965 -1 #SUP: 14
2313816 -1 2313816 4126965 -1 #SUP: 12
2313879 -1 2313816 -1 4126965 -1 #SUP: 11
2313881 -1 2313816 -1 2313816 -1 #SUP: 11
2313881 -1 2313816 -1 2414397 -1 #SUP: 12
2313881 -1 2313816 -1 4126965 -1 #SUP: 13
2313881 -1 2313816 4126965 -1 #SUP: 12
2414396 -1 2313816 -1 2212090 -1 #SUP: 12
2414396 -1 2313816 -1 2212648 -1 #SUP: 11
2414396 -1 2313816 -1 2313816 -1 #SUP: 12
2414396 -1 2313816 -1 2414398 -1 #SUP: 12
2414396 -1 2313816 -1 2514408 -1 #SUP: 11
2414396 -1 2313816 -1 4126965 -1 #SUP: 12
2414396 -1 2313816 4126965 -1 #SUP: 11
2313816 -1 2414397 -1 2108115 -1 #SUP: 11
2313816 -1 2414397 -1 2211359 -1 #SUP: 11
2313816 -1 2414397 -1 2212090 -1 #SUP: 11
2313816 -1 2414397 -1 2212093 -1 #SUP: 11
2313816 -1 2414397 -1 2212095 -1 #SUP: 12
2313816 -1 2414397 -1 2313816 -1 #SUP: 12
2313816 -1 2414397 -1 2414397 -1 #SUP: 14
2313816 -1 2414397 -1 2414398 -1 #SUP: 12
2313816 -1 2414397 -1 4126965 -1 #SUP: 14
2414397 -1 2313816 -1 2108115 -1 #SUP: 12
2414397 -1 2313816 -1 2211359 -1 #SUP: 13
2414397 -1 2313816 -1 2211361 -1 #SUP: 12
2414397 -1 2313816 -1 2212090 -1 #SUP: 14
2414397 -1 2313816 -1 2212093 -1 #SUP: 12
2414397 -1 2313816 -1 2212095 -1 #SUP: 13
2414397 -1 2313816 -1 2212593 -1 #SUP: 11
2414397 -1 2313816 -1 2212648 -1 #SUP: 13
2414397 -1 2313816 -1 2212731 -1 #SUP: 12
2414397 -1 2313816 -1 2313816 -1 #SUP: 15
2414397 -1 2313816 -1 2414397 -1 #SUP: 14
2414397 -1 2313816 -1 2414398 -1 #SUP: 13
2414397 -1 2313816 -1 2514408 -1 #SUP: 13
2414397 -1 2313816 -1 2514409 -1 #SUP: 12
2414397 -1 2313816 -1 4126965 -1 #SUP: 16
2414397 -1 2313816 4126965 -1 #SUP: 15
2313816 -1 2414398 -1 2313816 -1 #SUP: 12
2313816 -1 2414398 -1 2414397 -1 #SUP: 12
2313816 -1 2414398 -1 2414398 -1 #SUP: 13
2313816 -1 2414398 -1 4126965 -1 #SUP: 13
2414398 -1 2313816 -1 2211359 -1 #SUP: 11
2414398 -1 2313816 -1 2211361 -1 #SUP: 12
2414398 -1 2313816 -1 2212090 -1 #SUP: 12
2414398 -1 2313816 -1 2313816 -1 #SUP: 13
2414398 -1 2313816 -1 2414397 -1 #SUP: 12
2414398 -1 2313816 -1 2514408 -1 #SUP: 12
2414398 -1 2313816 -1 2514409 -1 #SUP: 11
2414398 -1 2313816 -1 4126965 -1 #SUP: 14
2414398 -1 2313816 4126965 -1 #SUP: 12
2514406 -1 2313816 -1 2211359 -1 #SUP: 12
2514406 -1 2313816 -1 2313816 -1 #SUP: 11
2514406 -1 2313816 -1 4126965 -1 #SUP: 11
2514406 -1 2313816 4126965 -1 #SUP: 11
2313816 -1 2514408 -1 2211361 -1 #SUP: 11
2313816 -1 2514408 -1 2212090 -1 #SUP: 11
2313816 -1 2514408 -1 2414397 -1 #SUP: 12
2313816 -1 2514408 -1 4126965 -1 #SUP: 11
2514408 -1 2313816 -1 2313816 -1 #SUP: 11
2514408 -1 2313816 -1 4126965 -1 #SUP: 11
2514408 -1 2313816 4126965 -1 #SUP: 11
2313816 -1 2514409 -1 4126965 -1 #SUP: 11
2514414 -1 2313816 -1 2211359 -1 #SUP: 11
2514437 -1 2313816 -1 2211359 -1 #SUP: 11
2514437 -1 2313816 -1 2313816 -1 #SUP: 11
2514437 -1 2313816 -1 4126965 -1 #SUP: 11
2313816 -1 4126965 -1 2211359 -1 #SUP: 11
2313816 -1 4126965 -1 2211361 -1 #SUP: 11
2313816 -1 4126965 -1 2212090 -1 #SUP: 12
2313816 -1 4126965 -1 2212093 -1 #SUP: 11
2313816 -1 4126965 -1 2212095 -1 #SUP: 12
2313816 -1 4126965 -1 2212731 -1 #SUP: 11
2313816 -1 4126965 -1 2313816 -1 #SUP: 13
2313816 -1 4126965 -1 2414397 -1 #SUP: 14
2313816 -1 4126965 -1 2414398 -1 #SUP: 12
2313816 -1 4126965 -1 4126965 -1 #SUP: 15
4126965 -1 2313816 -1 2211359 -1 #SUP: 12
4126965 -1 2313816 -1 2211361 -1 #SUP: 13
4126965 -1 2313816 -1 2212090 -1 #SUP: 13
4126965 -1 2313816 -1 2212093 -1 #SUP: 12
4126965 -1 2313816 -1 2212095 -1 #SUP: 13
4126965 -1 2313816 -1 2212593 -1 #SUP: 11
4126965 -1 2313816 -1 2212648 -1 #SUP: 12
4126965 -1 2313816 -1 2212731 -1 #SUP: 11
4126965 -1 2313816 -1 2313816 -1 #SUP: 14
4126965 -1 2313816 -1 2414397 -1 #SUP: 14
4126965 -1 2313816 -1 2414398 -1 #SUP: 12
4126965 -1 2313816 -1 2514408 -1 #SUP: 13
4126965 -1 2313816 -1 2514409 -1 #SUP: 11
4126965 -1 2313816 -1 2514413 -1 #SUP: 11
4126965 -1 2313816 -1 4126965 -1 #SUP: 15
4126965 -1 2313816 4126965 -1 #SUP: 15
2313816 4126965 -1 2211359 -1 #SUP: 11
2313816 4126965 -1 2211361 -1 #SUP: 12
2313816 4126965 -1 2212090 -1 #SUP: 12
2313816 4126965 -1 2212093 -1 #SUP: 11
2313816 4126965 -1 2212095 -1 #SUP: 12
2313816 4126965 -1 2212648 -1 #SUP: 11
2313816 4126965 -1 2212731 -1 #SUP: 11
2313816 4126965 -1 2313816 -1 #SUP: 13
2313816 4126965 -1 2414397 -1 #SUP: 14
2313816 4126965 -1 2414398 -1 #SUP: 12
2313816 4126965 -1 2514408 -1 #SUP: 13
2313816 4126965 -1 2514409 -1 #SUP: 11
2313816 4126965 -1 2514413 -1 #SUP: 11
2313816 4126965 -1 4126965 -1 #SUP: 15
2313870 2313879 -1 2313816 -1 #SUP: 11
2313870 2313879 2313881 -1 #SUP: 12
2313870 2313879 -1 2414397 -1 #SUP: 11
2313870 2313879 -1 2414398 -1 #SUP: 11
2313870 2313879 -1 4126965 -1 #SUP: 12
2313870 2313881 -1 2313816 -1 #SUP: 11
2313870 2313881 -1 2414397 -1 #SUP: 11
23