19121608 -1 SUP: 2854
19049105 -1 SUP: 2630
1797513 -1 SUP: 2074
1786621 -1 SUP: 2002
1742253 -1 SUP: 2207
1734104 -1 SUP: 2827
1551099 -1 SUP: 2074
1545958 -1 SUP: 2452
1539403 -1 SUP: 2645
1518254 -1 SUP: 1905
1506270 -1 SUP: 2380
1361711 -1 SUP: 2477
1322184 -1 SUP: 3150
1308216 -1 SUP: 2897
1154343 -1 SUP: 2038
1154029 -1 SUP: 2084
1124957 -1 SUP: 2174
1000560 -1 SUP: 1901
974166 -1 SUP: 2014
956874 -1 SUP: 2488
1125315 -1 1713332 -1 SUP: 1998
1713332 -1 1125315 -1 SUP: 1946
1307046 -1 1125315 -1 SUP: 1911
1125315 -1 1307046 -1 SUP: 1915
1125315 -1 1125315 -1 1174888 -1 SUP: 1908
1125315 -1 1174888 -1 1125315 -1 SUP: 1886
1125315 -1 1125315 -1 1125315 -1 SUP: 2118
1125315 1174888 -1 1125315 1174888 -1 SUP: 2023
