19121608 -1 SUP: 1221
19049105 -1 SUP: 955
1797513 -1 SUP: 827
1786621 -1 SUP: 747
1742253 -1 SUP: 793
1734104 -1 SUP: 1062
1713332 -1 SUP: 1181
1539403 -1 SUP: 736
1518254 -1 SUP: 828
1506270 -1 SUP: 809
1503297 -1 SUP: 1276
1308216 -1 SUP: 867
1154343 -1 SUP: 744
1124957 -1 SUP: 744
1000560 -1 SUP: 768
974166 -1 SUP: 894
956874 -1 SUP: 792
1125315 1174888 -1 1174888 -1 SUP: 753
1174888 -1 1125315 1174888 -1 SUP: 746
1125315 1174888 -1 1125315 -1 SUP: 822
1125315 -1 1125315 1174888 -1 SUP: 807
