19055720 -1 SUP: 1436
1738521 -1 SUP: 1045
1526475 -1 SUP: 1023
1510813 -1 SUP: 942
1383815 -1 SUP: 957
1346823 -1 SUP: 1537
1310149 -1 SUP: 1120
1177480 -1 SUP: 1217
1163944 -1 SUP: 1218
1149380 -1 SUP: 1501
1136980 -1 SUP: 998
1110410 -1 SUP: 1267
997881 -1 SUP: 1000
989878 -1 SUP: 1206
975125 -1 SUP: 982
948078 -1 SUP: 1252
923645 -1 SUP: 1238
906780 -1 SUP: 981
904453 -1 SUP: 980
797399 -1 SUP: 1009
791967 -1 SUP: 1296
781039 -1 SUP: 1211
778711 -1 SUP: 1195
744740 -1 SUP: 1302
586413 -1 SUP: 1048
19121608 -1 19121608 -1 SUP: 1320
19049105 -1 19049105 -1 SUP: 990
1713332 -1 19121608 -1 SUP: 971
1713332 -1 19049105 -1 SUP: 976
1307046 -1 19121608 -1 SUP: 1003
1307046 -1 19049105 -1 SUP: 1023
19049105 -1 956874 -1 SUP: 914
956874 -1 19049105 -1 SUP: 994
1742253 -1 1742253 -1 SUP: 930
1734104 -1 1742253 -1 SUP: 937
1713332 -1 1759842 -1 SUP: 915
1734104 -1 1734104 -1 SUP: 1326
1713332 -1 1742253 -1 SUP: 917
1713332 -1 1734104 -1 SUP: 1192
1734104 -1 1713332 -1 SUP: 1155
1545958 -1 1545958 -1 SUP: 1111
1539403 -1 1539403 -1 SUP: 1301
1307046 -1 1734104 -1 SUP: 1068
1734104 -1 1307046 -1 SUP: 1011
1713332 -1 1322184 -1 SUP: 959
1322184 -1 1713332 -1 SUP: 1021
1308216 -1 1713332 -1 SUP: 947
1713332 -1 1308216 -1 SUP: 937
1307046 -1 1713332 -1 SUP: 1177
1713332 -1 1307046 -1 SUP: 1137
1506270 -1 1506270 -1 SUP: 1027
1734104 -1 1154343 -1 SUP: 938
1174888 -1 1705674 -1 SUP: 911
1539403 -1 1322184 -1 SUP: 947
1322184 -1 1539403 -1 SUP: 944
1545958 -1 1307046 -1 SUP: 954
1307046 -1 1539403 -1 SUP: 1031
1539403 -1 1307046 -1 SUP: 1053
1551099 -1 1174888 -1 SUP: 1065
1361711 -1 1361711 -1 SUP: 1129
1174888 -1 1545958 -1 SUP: 1025
1174888 -1 1518254 -1 SUP: 979
1322184 -1 1361711 -1 SUP: 1207
1551099 -1 1125315 -1 SUP: 1220
1125315 -1 1545958 -1 SUP: 1228
1307046 -1 1361711 -1 SUP: 1166
1322184 -1 1322184 -1 SUP: 1183
1125315 -1 1518254 -1 SUP: 1151
1518254 -1 1125315 -1 SUP: 985
1308216 -1 1322184 -1 SUP: 923
1322184 -1 1307046 -1 SUP: 1153
1307046 -1 1322184 -1 SUP: 1162
1307046 1322184 -1 SUP: 1257
1503297 -1 1125315 -1 SUP: 931
1308216 -1 1308216 -1 SUP: 1262
1307046 -1 1308216 -1 SUP: 1017
1308216 -1 1307046 -1 SUP: 1055
1332418 -1 1125315 -1 SUP: 953
1201620 -1 1174888 -1 SUP: 997
1174888 -1 1201620 -1 SUP: 946
1154343 -1 1174888 -1 SUP: 1060
1174888 -1 1154029 -1 SUP: 984
1153013 -1 1174888 -1 SUP: 948
1201620 -1 1125315 -1 SUP: 1119
1125315 -1 1201620 -1 SUP: 1135
1154343 -1 1154343 -1 SUP: 1022
1124957 -1 1174888 -1 SUP: 1160
1154343 -1 1125315 -1 SUP: 1187
1125315 -1 1154029 -1 SUP: 1164
1125315 1153664 -1 SUP: 1110
1153664 -1 1125315 -1 SUP: 914
1153013 -1 1125315 -1 SUP: 1053
1125315 -1 1149380 -1 SUP: 969
1307046 -1 956874 -1 SUP: 950
1124957 -1 1124957 -1 SUP: 954
1125315 -1 1103314 -1 SUP: 928
1174888 -1 1000560 -1 SUP: 979
1125315 -1 1000560 -1 SUP: 1139
1125315 -1 974166 -1 SUP: 1012
1125315 -1 903963 -1 SUP: 955
903963 -1 1125315 -1 SUP: 944
974166 -1 974166 -1 SUP: 1059
956874 -1 956874 -1 SUP: 1116
1125315 -1 744740 -1 SUP: 913
708298 1154029 -1 SUP: 1292
1125315 1174888 -1 19121608 -1 SUP: 1108
19121608 -1 1125315 1174888 -1 SUP: 946
1125315 -1 1125315 -1 19121608 -1 SUP: 973
19049105 -1 1125315 1174888 -1 SUP: 1013
1125315 1174888 -1 19049105 -1 SUP: 1188
1125315 -1 1125315 -1 19049105 -1 SUP: 1001
1125315 -1 19049105 -1 1125315 -1 SUP: 943
967823 986417 19049105 -1 SUP: 957
1125315 -1 1705674 1836430 -1 SUP: 1028
1705674 1836430 -1 1125315 -1 SUP: 927
1174888 -1 1713332 1759842 -1 SUP: 918
1713332 1759842 -1 1125315 -1 SUP: 994
1125315 -1 1713332 1759842 -1 SUP: 1083
1125315 -1 1713332 -1 1713332 -1 SUP: 1032
1713332 -1 1713332 -1 1125315 -1 SUP: 982
1713332 -1 1125315 -1 1713332 -1 SUP: 974
1125315 1174888 -1 1797513 -1 SUP: 1066
1797513 -1 1125315 1174888 -1 SUP: 960
1125315 1174888 -1 1786621 -1 SUP: 997
1786621 -1 1125315 1174888 -1 SUP: 971
1174888 -1 1734104 -1 1174888 -1 SUP: 914
1174888 -1 1174888 -1 1734104 -1 SUP: 936
1713332 -1 1174888 -1 1174888 -1 SUP: 981
1174888 -1 1713332 -1 1174888 -1 SUP: 1003
1174888 -1 1174888 -1 1713332 -1 SUP: 989
1125315 -1 1125315 -1 1797513 -1 SUP: 936
1125315 -1 1797513 -1 1125315 -1 SUP: 911
1742253 -1 1125315 1174888 -1 SUP: 976
1125315 1174888 -1 1742253 -1 SUP: 1064
1125315 1174888 -1 1734104 -1 SUP: 1346
1125315 -1 1734104 -1 1174888 -1 SUP: 998
1734104 -1 1125315 -1 1174888 -1 SUP: 969
1174888 -1 1125315 -1 1734104 -1 SUP: 997
1734104 -1 1125315 1174888 -1 SUP: 1275
1734104 -1 1174888 -1 1125315 -1 SUP: 957
1174888 -1 1734104 -1 1125315 -1 SUP: 969
1125315 -1 1174888 -1 1734104 -1 SUP: 1050
1125315 -1 1125315 -1 1742253 -1 SUP: 946
1734104 -1 1125315 -1 1125315 -1 SUP: 1064
1125315 -1 1125315 -1 1734104 -1 SUP: 1153
1125315 -1 1734104 -1 1125315 -1 SUP: 1111
1307046 -1 1307046 -1 1307046 -1 SUP: 985
1125315 1174888 -1 1551099 -1 SUP: 1027
1545958 -1 1125315 1174888 -1 SUP: 959
1539403 -1 1125315 1174888 -1 SUP: 1146
1125315 1174888 -1 1539403 -1 SUP: 1068
1125315 1174888 -1 1506270 -1 SUP: 1033
1506270 -1 1125315 1174888 -1 SUP: 984
1125315 -1 1125315 -1 1506270 -1 SUP: 937
1125315 1174888 -1 1361711 -1 SUP: 1084
1361711 -1 1125315 1174888 -1 SUP: 994
1125315 1174888 -1 1322184 -1 SUP: 1224
1322184 -1 1125315 1174888 -1 SUP: 1204
1125315 1174888 -1 1308216 -1 SUP: 1156
1308216 -1 1125315 1174888 -1 SUP: 1149
1307046 -1 1174888 -1 1125315 -1 SUP: 967
1125315 -1 1174888 -1 1307046 -1 SUP: 1019
1125315 -1 1307046 -1 1174888 -1 SUP: 952
1307046 -1 1125315 -1 1174888 -1 SUP: 1007
1307046 -1 1125315 1174888 -1 SUP: 1402
1174888 -1 1307046 -1 1125315 -1 SUP: 932
1174888 -1 1125315 -1 1307046 -1 SUP: 943
1125315 1174888 -1 1307046 -1 SUP: 1389
1125315 -1 1125315 -1 1322184 -1 SUP: 984
1322184 -1 1125315 -1 1125315 -1 SUP: 931
1125315 -1 1322184 -1 1125315 -1 SUP: 929
1307046 -1 1125315 -1 1125315 -1 SUP: 1130
1125315 -1 1125315 -1 1307046 -1 SUP: 1131
1125315 -1 1307046 -1 1125315 -1 SUP: 1090
1125315 1174888 -1 1154343 -1 SUP: 978
1125315 1174888 -1 1153013 -1 SUP: 919
1125315 -1 1174888 -1 1124957 -1 SUP: 937
1125315 1174888 -1 1124957 -1 SUP: 1143
1125315 -1 1125315 -1 1124957 -1 SUP: 1042
1124957 1125315 -1 1125315 -1 SUP: 929
1125315 -1 1124957 1125315 -1 SUP: 938
1125315 -1 1124957 -1 1125315 -1 SUP: 958
974166 -1 1125315 1174888 -1 SUP: 974
956874 -1 1125315 1174888 -1 SUP: 919
1125315 1174888 -1 956874 -1 SUP: 1060
1125315 1174888 -1 1125315 -1 1713332 -1 SUP: 943
1125315 1174888 -1 1713332 -1 1125315 -1 SUP: 934
1125315 -1 1125315 1174888 -1 1713332 -1 SUP: 962
1713332 -1 1125315 -1 1125315 1174888 -1 SUP: 943
1125315 -1 1713332 -1 1125315 1174888 -1 SUP: 957
1713332 -1 1125315 1174888 -1 1125315 -1 SUP: 926
1174888 -1 1125315 1174888 -1 1174888 -1 1174888 -1 SUP: 912
1174888 -1 1174888 -1 1125315 1174888 -1 1174888 -1 SUP: 922
1125315 1174888 -1 1174888 -1 1174888 -1 1174888 -1 SUP: 918
1174888 -1 1174888 -1 1174888 -1 1125315 1174888 -1 SUP: 939
1174888 -1 1125315 -1 1125315 1174888 -1 1174888 -1 SUP: 966
1174888 -1 1125315 -1 1174888 -1 1125315 1174888 -1 SUP: 996
1174888 -1 1174888 -1 1125315 -1 1125315 1174888 -1 SUP: 969
1125315 1174888 -1 1174888 -1 1125315 -1 1174888 -1 SUP: 963
1125315 1174888 -1 1125315 -1 1174888 -1 1174888 -1 SUP: 967
1174888 -1 1125315 1174888 -1 1125315 -1 1174888 -1 SUP: 960
1125315 -1 1125315 1174888 -1 1174888 -1 1174888 -1 SUP: 975
1174888 -1 1125315 1174888 -1 1174888 -1 1125315 -1 SUP: 961
1174888 -1 1174888 -1 1125315 1174888 -1 1125315 -1 SUP: 968
1125315 1174888 -1 1174888 -1 1174888 -1 1125315 -1 SUP: 964
1125315 1174888 -1 1125315 -1 1125315 -1 1174888 -1 SUP: 1009
1174888 -1 1125315 -1 1125315 -1 1125315 1174888 -1 SUP: 1014
1125315 -1 1125315 -1 1125315 -1 1174888 -1 1125315 -1 SUP: 911
1125315 -1 1125315 -1 1125315 -1 1125315 -1 1174888 -1 SUP: 920
1125315 -1 1125315 -1 1125315 -1 1125315 -1 1125315 -1 SUP: 1025
1125315 1174888 -1 1125315 1174888 -1 1125315 1174888 -1 SUP: 1188
1125315 -1 1174888 -1 1125315 1174888 -1 1125315 1174888 -1 SUP: 955
1125315 -1 1125315 1174888 -1 1125315 1174888 -1 1125315 -1 SUP: 942
1125315 1174888 -1 1125315 -1 1125315 1174888 -1 1125315 -1 SUP: 915
1125315 1174888 -1 1125315 1174888 -1 1125315 -1 1125315 -1 SUP: 924
1125315 -1 1125315 1174888 -1 1125315 -1 1125315 1174888 -1 SUP: 933
1125315 -1 1125315 -1 1125315 1174888 -1 1125315 1174888 -1 SUP: 975
