19111620 -1 SUP: 11
19015230 -1 SUP: 10
1707687 -1 SUP: 10
1551099 -1 SUP: 11
1517740 -1 SUP: 9
1506270 -1 SUP: 10
1373928 -1 SUP: 12
1361711 -1 SUP: 10
1346823 -1 SUP: 11
1310149 -1 SUP: 9
1163944 -1 SUP: 9
1000560 -1 SUP: 13
989878 -1 SUP: 11
970250 -1 SUP: 9
923645 -1 SUP: 10
906780 -1 SUP: 10
744740 -1 SUP: 10
586413 -1 SUP: 10
19136030 -1 19055720 -1 SUP: 9
19055720 -1 19121608 -1 SUP: 9
19049105 -1 19049105 -1 SUP: 9
19001311 -1 19001311 -1 SUP: 9
1797513 -1 19121608 -1 SUP: 10
19049105 -1 1786621 -1 SUP: 9
1713332 -1 19049105 -1 SUP: 9
1539403 -1 19049105 -1 SUP: 9
19121608 -1 1332418 -1 SUP: 9
1332418 -1 19121608 -1 SUP: 9
19121608 -1 1322184 -1 SUP: 9
1308216 -1 19121608 -1 SUP: 11
19121608 -1 1307046 -1 SUP: 9
1332418 -1 19049105 -1 SUP: 10
19049105 -1 1322184 -1 SUP: 9
1308216 -1 19049105 -1 SUP: 9
19121608 -1 1174888 -1 SUP: 9
19121608 -1 1124957 -1 SUP: 9
1125315 -1 19111620 -1 SUP: 9
19055720 -1 1154029 -1 SUP: 9
19049105 -1 1154343 -1 SUP: 9
1153664 -1 19049105 -1 SUP: 9
19121608 -1 956874 -1 SUP: 11
974166 -1 19049105 -1 SUP: 9
19049105 -1 922570 -1 SUP: 9
1797513 -1 1786621 -1 SUP: 9
1786621 -1 1786621 -1 SUP: 9
1797513 -1 1713332 -1 SUP: 9
1713332 -1 1786621 -1 SUP: 9
1742253 -1 1742253 -1 SUP: 9
1539403 -1 1734104 -1 SUP: 9
1332418 -1 1797513 -1 SUP: 10
1797513 -1 1332418 -1 SUP: 9
1539403 -1 1539403 -1 SUP: 9
1332418 -1 1713332 -1 SUP: 10
1308216 -1 1713332 -1 SUP: 9
1713332 -1 1308216 -1 SUP: 9
1786621 -1 1154343 -1 SUP: 9
1786621 -1 1124957 -1 SUP: 9
1734104 -1 1174888 -1 SUP: 9
1754994 -1 1125315 -1 SUP: 9
1713332 -1 1154029 -1 SUP: 9
1742253 -1 1124957 -1 SUP: 9
1734104 -1 1125315 -1 SUP: 9
1332418 -1 1502905 -1 SUP: 9
1797513 -1 986417 -1 SUP: 9
1545958 -1 1174888 -1 SUP: 9
1174888 -1 1539403 -1 SUP: 9
1539403 -1 1154343 -1 SUP: 9
956874 -1 1734104 -1 SUP: 10
1560171 -1 1125315 -1 SUP: 9
1545958 -1 1125315 -1 SUP: 9
1332418 -1 1332418 -1 SUP: 12
1332418 -1 1322184 -1 SUP: 10
1322184 -1 1322184 -1 SUP: 9
1308216 -1 1332418 -1 SUP: 9
1332418 -1 1308216 -1 SUP: 9
1307046 -1 1332418 -1 SUP: 9
1332418 -1 1307046 -1 SUP: 10
1308216 -1 1308216 -1 SUP: 9
1383815 -1 1125315 -1 SUP: 9
1125315 -1 1383815 -1 SUP: 9
956874 -1 1539403 -1 SUP: 9
1307046 -1 1154029 -1 SUP: 10
1322184 -1 1125315 -1 SUP: 9
1201620 -1 1174888 -1 SUP: 9
1174888 -1 1153664 -1 SUP: 10
1174888 -1 1153013 -1 SUP: 9
1201620 -1 1125315 -1 SUP: 10
1154029 -1 1154029 -1 SUP: 10
974166 -1 1332418 -1 SUP: 11
974166 -1 1322184 -1 SUP: 9
956874 -1 1332418 -1 SUP: 12
974166 -1 1308216 -1 SUP: 10
974166 -1 1307046 -1 SUP: 9
1154029 -1 1125315 -1 SUP: 9
1124957 -1 1154343 -1 SUP: 10
956874 -1 1322184 -1 SUP: 10
1125315 1153664 -1 SUP: 10
1125315 -1 1153013 -1 SUP: 9
956874 -1 1308216 -1 SUP: 10
1308216 -1 956874 -1 SUP: 11
1124957 -1 1103314 -1 SUP: 9
974166 -1 1154343 -1 SUP: 9
1125315 -1 974166 -1 SUP: 9
922570 -1 1174888 -1 SUP: 9
1125315 -1 948078 -1 SUP: 9
1125315 -1 939506 -1 SUP: 9
1124957 -1 922570 -1 SUP: 9
974166 -1 974166 -1 SUP: 9
1125315 -1 781039 -1 SUP: 10
1154029 -1 708298 -1 SUP: 9
708298 1154029 -1 SUP: 10
708298 -1 708298 -1 SUP: 9
1125315 -1 19121608 -1 19121608 -1 SUP: 10
19049105 -1 956874 -1 19121608 -1 SUP: 9
1174888 -1 1797513 -1 19049105 -1 SUP: 9
1786621 -1 19049105 -1 1174888 -1 SUP: 9
1786621 -1 1174888 -1 19049105 -1 SUP: 9
19049105 -1 1797513 -1 1154029 -1 SUP: 9
1125315 -1 1742253 -1 19121608 -1 SUP: 9
19049105 -1 1125315 -1 1713332 -1 SUP: 9
1502905 -1 1125315 -1 19121608 -1 SUP: 9
1307046 -1 19049105 -1 1307046 -1 SUP: 10
1307046 -1 1125315 -1 19121608 -1 SUP: 9
19049105 -1 1307046 -1 1174888 -1 SUP: 9
1307046 -1 19049105 -1 1125315 -1 SUP: 10
1125315 -1 19049105 -1 1307046 -1 SUP: 10
1307046 -1 1125315 -1 19049105 -1 SUP: 11
19049105 -1 1307046 -1 1125315 -1 SUP: 10
1174888 -1 19049105 -1 1154029 -1 SUP: 9
19121608 -1 1125315 -1 1125315 -1 SUP: 9
1125315 -1 19121608 -1 1125315 -1 SUP: 9
1124957 -1 1125315 -1 19121608 -1 SUP: 9
1125315 1174888 -1 19055720 -1 SUP: 9
19049105 -1 1174888 -1 1124957 -1 SUP: 9
19049105 -1 1125315 -1 1154029 -1 SUP: 9
1124957 -1 19049105 -1 1125315 -1 SUP: 9
1125315 -1 967823 19049105 -1 SUP: 9
19049105 -1 1125315 -1 956874 -1 SUP: 9
1125315 -1 19049105 -1 956874 -1 SUP: 9
956874 -1 956874 -1 19049105 -1 SUP: 10
1797513 -1 1797513 -1 1797513 -1 SUP: 9
1705674 1836430 -1 1797513 -1 SUP: 9
1705674 1836430 -1 1713332 -1 SUP: 9
1797513 -1 1797513 -1 1125315 -1 SUP: 9
1174888 -1 1713332 -1 1797513 -1 SUP: 9
1125315 -1 1705674 1836430 -1 SUP: 9
1124957 -1 1713332 1759842 -1 SUP: 9
1539403 -1 1125315 -1 1797513 -1 SUP: 9
1307046 -1 1125315 -1 1797513 -1 SUP: 9
1174888 -1 1174888 -1 1786621 -1 SUP: 9
1174888 -1 1797513 -1 1124957 -1 SUP: 9
1125315 -1 1174888 -1 1786621 -1 SUP: 9
1174888 -1 1125315 -1 1786621 -1 SUP: 9
1125315 -1 1797513 -1 1124957 -1 SUP: 9
1125315 -1 1124957 -1 1797513 -1 SUP: 9
1125315 1174888 -1 1742253 -1 SUP: 9
1125315 -1 1125315 -1 1786621 -1 SUP: 9
1713332 -1 1125315 -1 1174888 -1 SUP: 9
1124957 -1 1713332 -1 1125315 -1 SUP: 9
1174888 -1 1797513 -1 967823 -1 SUP: 9
1174888 -1 956874 -1 1797513 -1 SUP: 9
1125315 -1 986417 -1 1797513 -1 SUP: 9
974166 -1 1125315 -1 1797513 -1 SUP: 9
1125315 -1 1797513 -1 967823 -1 SUP: 10
1797513 -1 956874 -1 1125315 -1 SUP: 9
1174888 -1 1502905 -1 1174888 -1 SUP: 9
956874 -1 1174888 -1 1713332 -1 SUP: 9
956874 -1 1125315 -1 1742253 -1 SUP: 9
1742253 -1 1125315 -1 956874 -1 SUP: 9
1125315 -1 1539403 -1 1125315 -1 SUP: 9
1307046 -1 1307046 -1 1174888 -1 SUP: 10
1307046 -1 1125315 -1 1322184 -1 SUP: 10
1307046 -1 1125315 -1 1308216 -1 SUP: 9
1307046 -1 1307046 -1 1125315 -1 SUP: 10
1307046 -1 1125315 -1 1307046 -1 SUP: 11
1307046 -1 1124957 -1 1307046 -1 SUP: 9
1332418 -1 1125315 -1 1174888 -1 SUP: 9
1125315 1174888 -1 1322184 -1 SUP: 10
1539403 -1 1125315 -1 956874 -1 SUP: 9
1125315 1174888 -1 1308216 -1 SUP: 9
1308216 -1 1125315 1174888 -1 SUP: 9
1125315 -1 1307046 -1 1174888 -1 SUP: 9
1307046 -1 1124957 -1 1174888 -1 SUP: 9
1125315 -1 1153664 -1 1307046 -1 SUP: 9
1502905 -1 956874 -1 1125315 -1 SUP: 9
1332418 -1 1125315 -1 1125315 -1 SUP: 10
1125315 -1 1125315 -1 1332418 -1 SUP: 9
1125315 -1 1125315 -1 1322184 -1 SUP: 9
1308216 -1 1125315 -1 1125315 -1 SUP: 9
1125315 -1 1125315 -1 1308216 -1 SUP: 10
1125315 -1 1307046 -1 1125315 -1 SUP: 10
1125315 -1 1125315 -1 1307046 -1 SUP: 10
1307046 -1 1124957 -1 1125315 -1 SUP: 9
1125315 -1 1307046 -1 1124957 -1 SUP: 9
1307046 -1 1125315 -1 1124957 -1 SUP: 9
1174888 -1 1174888 -1 1154343 -1 SUP: 9
1125315 1174888 -1 1154343 -1 SUP: 9
1174888 -1 1154343 -1 1125315 -1 SUP: 9
1174888 -1 1125315 -1 1154343 -1 SUP: 9
1153664 -1 1125315 1174888 -1 SUP: 9
1307046 -1 956874 -1 1174888 -1 SUP: 9
1125315 -1 1154343 -1 1154343 -1 SUP: 9
1124957 -1 1125315 1174888 -1 SUP: 10
1124957 1125315 -1 1174888 -1 SUP: 9
1124957 -1 1125315 -1 1174888 -1 SUP: 9
1332418 -1 956874 -1 1125315 -1 SUP: 10
1125315 -1 1125315 -1 1153664 -1 SUP: 9
1125315 -1 1174888 -1 1103314 -1 SUP: 9
1307046 -1 956874 -1 1125315 -1 SUP: 10
1125315 -1 956874 -1 1307046 -1 SUP: 9
956874 -1 1125315 -1 1307046 -1 SUP: 9
1124957 -1 1125315 -1 1125315 -1 SUP: 10
1124957 1125315 -1 1124957 -1 SUP: 10
1125315 -1 1103314 -1 1125315 -1 SUP: 10
1125315 -1 1125315 -1 1103314 -1 SUP: 10
1125315 1174888 -1 986417 -1 SUP: 9
986417 -1 1125315 1174888 -1 SUP: 9
1125315 -1 986417 -1 1174888 -1 SUP: 9
974166 -1 1174888 -1 1125315 -1 SUP: 9
956874 -1 1124957 -1 1174888 -1 SUP: 9
1125315 -1 986417 -1 1125315 -1 SUP: 9
1125315 -1 1125315 -1 986417 -1 SUP: 9
1125315 -1 1154343 -1 956874 -1 SUP: 10
1125315 -1 956874 -1 1153664 -1 SUP: 9
1125315 -1 1124957 -1 956874 -1 SUP: 10
1125315 -1 956874 -1 1124957 -1 SUP: 9
1125315 1174888 -1 903963 -1 SUP: 9
1125315 -1 922570 -1 1125315 -1 SUP: 9
1125315 1174888 -1 778711 -1 SUP: 9
956874 -1 1125315 -1 986417 -1 SUP: 9
974166 -1 1125315 -1 956874 -1 SUP: 9
974166 -1 956874 -1 1125315 -1 SUP: 9
1125315 -1 956874 -1 956874 -1 SUP: 9
956874 -1 1124957 -1 956874 -1 SUP: 9
956874 -1 956874 -1 956874 -1 SUP: 10
19049105 -1 1125315 1174888 -1 19121608 -1 SUP: 9
1125315 -1 19049105 -1 1125315 -1 19121608 -1 SUP: 9
1797513 -1 19049105 -1 1174888 -1 1797513 -1 SUP: 9
1797513 -1 1174888 -1 19049105 -1 1797513 -1 SUP: 9
1797513 -1 19049105 -1 1125315 -1 1797513 -1 SUP: 9
1125315 -1 19049105 -1 1174888 -1 1797513 -1 SUP: 9
1125315 -1 19049105 -1 1125315 -1 1797513 -1 SUP: 9
1174888 -1 1125315 -1 1174888 -1 19121608 -1 SUP: 9
1125315 -1 1174888 -1 1174888 -1 19121608 -1 SUP: 9
1174888 -1 1174888 -1 19049105 -1 1174888 -1 SUP: 9
1125315 -1 1174888 -1 1125315 -1 19121608 -1 SUP: 9
1125315 -1 1125315 -1 1174888 -1 19121608 -1 SUP: 9
1125315 -1 1174888 -1 19049105 -1 1174888 -1 SUP: 10
1125315 1174888 -1 1174888 -1 19049105 -1 SUP: 11
1174888 -1 19049105 -1 1125315 -1 1174888 -1 SUP: 9
19049105 -1 1125315 1174888 -1 1174888 -1 SUP: 9
1174888 -1 19049105 -1 1125315 1174888 -1 SUP: 9
1125315 -1 1125315 -1 1125315 -1 19121608 -1 SUP: 11
1125315 -1 19049105 -1 1125315 1174888 -1 SUP: 10
1125315 -1 1174888 -1 1125315 -1 19049105 -1 SUP: 9
1125315 -1 1125315 -1 1174888 -1 19049105 -1 SUP: 9
1174888 -1 1125315 -1 19049105 -1 1125315 -1 SUP: 9
1125315 -1 1125315 1174888 -1 19049105 -1 SUP: 9
1125315 -1 19049105 -1 1125315 -1 1174888 -1 SUP: 9
1125315 1174888 -1 19049105 -1 1125315 -1 SUP: 11
1125315 -1 1174888 -1 19049105 -1 1125315 -1 SUP: 9
19049105 -1 1125315 1174888 -1 1125315 -1 SUP: 10
19049105 -1 1125315 -1 1125315 1174888 -1 SUP: 9
1125315 1174888 -1 1125315 -1 19049105 -1 SUP: 11
1125315 -1 1174888 -1 19049105 -1 1124957 -1 SUP: 9
1125315 -1 1125315 -1 19049105 -1 1125315 -1 SUP: 10
1125315 -1 1125315 -1 1125315 -1 19049105 -1 SUP: 9
1125315 -1 19049105 -1 1125315 -1 1125315 -1 SUP: 9
1125315 -1 19049105 -1 1124957 -1 1125315 -1 SUP: 9
956874 -1 1125315 1174888 -1 19121608 -1 SUP: 9
1125315 1174888 -1 956874 -1 19049105 -1 SUP: 9
956874 -1 1125315 -1 19049105 -1 1125315 -1 SUP: 10
1125315 -1 1713332 1759842 -1 1713332 -1 SUP: 9
1125315 -1 1713332 -1 1713332 1759842 -1 SUP: 10
1502905 -1 1502905 -1 1502905 -1 1797513 -1 SUP: 9
1502905 -1 1174888 -1 1502905 -1 1797513 -1 SUP: 9
1125315 -1 1786621 -1 1797513 -1 1174888 -1 SUP: 9
1125315 -1 1797513 -1 1797513 -1 1154029 -1 SUP: 9
1786621 -1 1125315 -1 1797513 -1 1154029 -1 SUP: 9
1125315 -1 1786621 -1 1125315 -1 1797513 -1 SUP: 9
1797513 -1 1125315 1174888 -1 1734104 -1 SUP: 9
1125315 1174888 -1 1713332 1759842 -1 SUP: 9
1125315 -1 1713332 -1 1125315 -1 1797513 -1 SUP: 9
1125315 1174888 -1 1713332 -1 1713332 -1 SUP: 10
1125315 -1 1713332 -1 1174888 -1 1713332 -1 SUP: 9
1713332 -1 1125315 1174888 -1 1713332 -1 SUP: 9
1125315 -1 1125315 -1 1713332 1759842 -1 SUP: 11
1125315 -1 1713332 -1 1125315 -1 1713332 -1 SUP: 11
1125315 -1 1125315 -1 1713332 -1 1713332 -1 SUP: 10
1125315 -1 1502905 -1 1502905 -1 1502905 -1 SUP: 9
1502905 -1 1502905 -1 1125315 -1 1502905 -1 SUP: 9
1502905 -1 1125315 -1 1502905 -1 1502905 -1 SUP: 9
1125315 -1 1502905 -1 1174888 -1 1797513 -1 SUP: 9
956874 -1 1125315 -1 1713332 -1 1713332 -1 SUP: 10
1502905 -1 1174888 -1 1125315 -1 1502905 -1 SUP: 9
1502905 -1 1174888 -1 1502905 -1 1125315 -1 SUP: 9
1125315 -1 1502905 -1 1174888 -1 1502905 -1 SUP: 10
1125315 -1 1174888 -1 1502905 -1 1502905 -1 SUP: 9
1502905 -1 1125315 1174888 -1 1502905 -1 SUP: 9
1174888 -1 1797513 -1 1174888 -1 1154029 -1 SUP: 9
1174888 -1 1174888 -1 1125315 -1 1797513 -1 SUP: 9
1797513 -1 1125315 1174888 -1 1174888 -1 SUP: 9
1307046 -1 1125315 -1 1125315 -1 1713332 -1 SUP: 9
1786621 -1 1125315 -1 1174888 -1 1174888 -1 SUP: 9
1125315 -1 1786621 -1 1174888 -1 1174888 -1 SUP: 10
1174888 -1 1786621 -1 1125315 1174888 -1 SUP: 9
1502905 -1 1125315 -1 1502905 -1 1125315 -1 SUP: 9
1125315 -1 1502905 -1 1125315 -1 1502905 -1 SUP: 10
1502905 -1 1125315 -1 1125315 -1 1502905 -1 SUP: 9
1797513 -1 1125315 -1 1125315 1174888 -1 SUP: 9
1786621 -1 1125315 1174888 -1 1125315 -1 SUP: 9
1125315 -1 1786621 -1 1174888 -1 1125315 -1 SUP: 9
1125315 -1 1125315 -1 1797513 -1 1154343 -1 SUP: 9
1786621 -1 1125315 -1 1125315 -1 1125315 -1 SUP: 9
1125315 1174888 -1 1713332 -1 1125315 -1 SUP: 9
1174888 -1 1125315 -1 1713332 -1 1125315 -1 SUP: 9
1125315 -1 1125315 -1 1174888 -1 1713332 -1 SUP: 9
1125315 -1 1713332 -1 1125315 1174888 -1 SUP: 9
1125315 -1 1125315 -1 1713332 -1 1174888 -1 SUP: 9
956874 -1 1502905 -1 1174888 -1 1502905 -1 SUP: 9
1125315 -1 1125315 -1 1742253 -1 1125315 -1 SUP: 9
1125315 -1 1713332 -1 1125315 -1 1125315 -1 SUP: 10
1125315 -1 1125315 -1 1713332 -1 1125315 -1 SUP: 10
1125315 -1 1125315 -1 1713332 -1 1124957 -1 SUP: 10
956874 -1 1125315 -1 1502905 -1 1502905 -1 SUP: 9
956874 -1 1125315 -1 1174888 -1 1797513 -1 SUP: 10
1539403 -1 1125315 -1 1174888 -1 1174888 -1 SUP: 9
1125315 -1 1125315 -1 1174888 -1 1502905 -1 SUP: 9
1125315 1174888 -1 1502905 -1 1125315 -1 SUP: 9
1174888 -1 1125315 -1 1502905 -1 1125315 -1 SUP: 9
1125315 -1 1502905 -1 1174888 -1 1125315 -1 SUP: 9
1125315 -1 1125315 -1 1502905 -1 1174888 -1 SUP: 9
1125315 -1 1502905 -1 1125315 1174888 -1 SUP: 9
1125315 -1 1713332 -1 956874 -1 1125315 -1 SUP: 9
956874 -1 1125315 -1 1125315 -1 1713332 -1 SUP: 9
1125315 -1 1154343 -1 1125315 -1 1502905 -1 SUP: 9
1125315 -1 1125315 -1 1502905 -1 1125315 -1 SUP: 10
1307046 -1 1125315 1174888 -1 1174888 -1 SUP: 9
956874 -1 1125315 -1 1502905 -1 1174888 -1 SUP: 9
1307046 -1 1125315 -1 1125315 1174888 -1 SUP: 10
1307046 -1 1125315 1174888 -1 1125315 -1 SUP: 10
956874 -1 1125315 -1 1125315 -1 1502905 -1 SUP: 9
1125315 -1 956874 -1 1125315 -1 1502905 -1 SUP: 9
956874 -1 1125315 -1 1502905 -1 1125315 -1 SUP: 9
1174888 -1 1174888 -1 1174888 -1 1124957 -1 SUP: 9
1174888 -1 1174888 -1 1124957 -1 1174888 -1 SUP: 10
1174888 -1 1125315 -1 1174888 -1 1154029 -1 SUP: 9
1174888 -1 1174888 -1 1125315 -1 1124957 -1 SUP: 9
1125315 -1 1174888 -1 1174888 -1 1124957 -1 SUP: 11
1174888 -1 1125315 -1 1124957 -1 1174888 -1 SUP: 9
1125315 1174888 -1 1174888 -1 1124957 -1 SUP: 11
1125315 -1 1154343 -1 1125315 1174888 -1 SUP: 10
1125315 -1 1154343 -1 1125315 -1 1174888 -1 SUP: 9
1125315 -1 1174888 -1 1125315 -1 1124957 -1 SUP: 9
1125315 1174888 -1 1125315 -1 1124957 -1 SUP: 11
1125315 -1 1124957 -1 1174888 -1 1124957 -1 SUP: 9
1125315 1174888 -1 1124957 -1 1124957 -1 SUP: 9
956874 -1 1125315 -1 956874 -1 1502905 -1 SUP: 9
1125315 -1 1125315 -1 1154343 -1 1125315 -1 SUP: 10
1125315 -1 1124957 1125315 -1 1125315 -1 SUP: 9
1125315 -1 1124957 -1 1125315 -1 1124957 -1 SUP: 9
1125315 -1 1124957 -1 1124957 -1 1125315 -1 SUP: 9
1125315 -1 1125315 -1 1124957 -1 1124957 -1 SUP: 9
956874 -1 1125315 1174888 -1 1174888 -1 SUP: 9
1174888 -1 956874 -1 1125315 1174888 -1 SUP: 9
1125315 -1 1174888 -1 956874 -1 1174888 -1 SUP: 9
956874 -1 1125315 -1 1174888 -1 1174888 -1 SUP: 9
1174888 -1 1125315 -1 1174888 -1 956874 -1 SUP: 9
956874 -1 1174888 -1 1125315 1174888 -1 SUP: 9
974166 -1 1125315 -1 1125315 1174888 -1 SUP: 9
1125315 -1 956874 -1 1125315 1174888 -1 SUP: 9
1125315 -1 1174888 -1 956874 -1 1125315 -1 SUP: 9
1174888 -1 1125315 -1 956874 -1 1125315 -1 SUP: 9
1125315 1174888 -1 1125315 -1 956874 -1 SUP: 9
956874 -1 1125315 -1 1174888 -1 1125315 -1 SUP: 9
1125315 -1 1125315 1174888 -1 956874 -1 SUP: 9
956874 -1 1125315 -1 1124957 -1 1125315 -1 SUP: 9
956874 -1 1125315 -1 1125315 -1 1124957 -1 SUP: 9
956874 -1 1174888 -1 956874 -1 1174888 -1 SUP: 9
956874 -1 1174888 -1 1125315 -1 956874 -1 SUP: 9
956874 -1 956874 -1 1125315 1174888 -1 SUP: 9
956874 -1 956874 -1 1125315 -1 1154343 -1 SUP: 9
956874 -1 956874 -1 1125315 -1 1125315 -1 SUP: 9
1125315 -1 1797513 -1 19049105 -1 1174888 -1 1154029 -1 SUP: 9
1125315 1174888 -1 1125315 1174888 -1 19121608 -1 SUP: 9
1797513 -1 1125315 -1 1174888 -1 1174888 -1 1797513 -1 SUP: 9
1797513 -1 1125315 -1 1174888 -1 1797513 -1 1174888 -1 SUP: 9
1125315 -1 1786621 -1 1174888 -1 1797513 -1 1154029 -1 SUP: 9
1797513 -1 1125315 1174888 -1 1125315 -1 1797513 -1 SUP: 9
1705674 1836430 -1 1125315 1174888 -1 1125315 -1 SUP: 9
1705674 1836430 -1 1125315 -1 1125315 1174888 -1 SUP: 9
1174888 -1 1174888 -1 1797513 -1 1125315 1174888 -1 SUP: 9
1125315 1174888 -1 1174888 -1 1797513 -1 1154029 -1 SUP: 9
1125315 1174888 -1 1797513 -1 1125315 1174888 -1 SUP: 10
1125315 -1 1125315 -1 1174888 -1 1174888 -1 1797513 -1 SUP: 9
1174888 -1 1125315 -1 1797513 -1 1125315 1174888 -1 SUP: 9
1125315 -1 1174888 -1 1125315 -1 1174888 -1 1797513 -1 SUP: 9
1125315 -1 1174888 -1 1797513 -1 1125315 1174888 -1 SUP: 9
1125315 -1 1125315 -1 1174888 -1 1797513 -1 1174888 -1 SUP: 9
1125315 -1 1174888 -1 1125315 -1 1797513 -1 1174888 -1 SUP: 9
1125315 -1 1125315 -1 1125315 -1 1502905 -1 1502905 -1 SUP: 9
1125315 -1 1797513 -1 1125315 1174888 -1 1154029 -1 SUP: 9
1125315 -1 1125315 1174888 -1 1797513 -1 1154029 -1 SUP: 10
1125315 1174888 -1 1125315 -1 1797513 -1 1154029 -1 SUP: 9
1125315 -1 1125315 -1 1125315 -1 1797513 -1 1174888 -1 SUP: 10
1125315 -1 1125315 -1 1797513 -1 1125315 1174888 -1 SUP: 10
1125315 -1 1125315 -1 1125315 -1 1174888 -1 1797513 -1 SUP: 10
1125315 -1 1174888 -1 1125315 -1 1125315 -1 1797513 -1 SUP: 9
1125315 -1 1125315 -1 1174888 -1 1797513 -1 1125315 -1 SUP: 9
1125315 -1 1125315 1174888 -1 1125315 -1 1797513 -1 SUP: 9
1125315 -1 1125315 -1 1125315 1174888 -1 1797513 -1 SUP: 9
1125315 -1 1125315 -1 1174888 -1 1125315 -1 1797513 -1 SUP: 9
1125315 -1 1786621 -1 1125315 -1 1125315 1174888 -1 SUP: 9
1125315 -1 1125315 1174888 -1 1174888 -1 1734104 -1 SUP: 9
1125315 1174888 -1 1125315 1174888 -1 1713332 -1 SUP: 10
1174888 -1 1125315 1174888 -1 1125315 -1 1713332 -1 SUP: 9
1125315 -1 1125315 -1 1125315 -1 1797513 -1 1125315 -1 SUP: 10
1125315 -1 1125315 -1 1125315 -1 1125315 -1 1797513 -1 SUP: 10
1125315 -1 1125315 1174888 -1 1125315 -1 1734104 -1 SUP: 9
1125315 -1 1125315 1174888 -1 1125315 -1 1713332 -1 SUP: 9
1125315 -1 1125315 -1 1125315 -1 1125315 -1 1713332 -1 SUP: 9
956874 -1 1125315 -1 1797513 -1 1125315 1174888 -1 SUP: 9
1539403 -1 1125315 1174888 -1 1125315 1174888 -1 SUP: 9
1539403 -1 1125315 -1 1125315 -1 1174888 -1 1125315 -1 SUP: 9
956874 -1 1125315 -1 956874 -1 1125315 -1 1797513 -1 SUP: 9
1174888 -1 1174888 -1 1125315 -1 1174888 -1 1174888 -1 SUP: 9
1125315 -1 1125315 -1 1174888 -1 1174888 -1 1174888 -1 SUP: 9
1125315 1174888 -1 1174888 -1 1125315 -1 1174888 -1 SUP: 9
1174888 -1 1174888 -1 1125315 1174888 -1 1125315 -1 SUP: 9
1174888 -1 1125315 -1 1174888 -1 1125315 1174888 -1 SUP: 9
1174888 -1 1125315 -1 1125315 1174888 -1 1174888 -1 SUP: 10
1125315 1174888 -1 1125315 -1 1174888 -1 1174888 -1 SUP: 9
1174888 -1 1174888 -1 1125315 -1 1125315 1174888 -1 SUP: 9
1125315 -1 1174888 -1 1174888 -1 1125315 1174888 -1 SUP: 10
1174888 -1 1125315 -1 1174888 -1 1125315 -1 1174888 -1 SUP: 9
1174888 -1 1174888 -1 1125315 -1 1125315 -1 1174888 -1 SUP: 10
1125315 -1 1174888 -1 1125315 -1 1174888 -1 1174888 -1 SUP: 9
1174888 -1 1125315 -1 1125315 -1 1174888 -1 1174888 -1 SUP: 9
1125315 -1 1125315 1174888 -1 1174888 -1 1154029 -1 SUP: 9
1125315 1174888 -1 1125315 1174888 -1 1154029 -1 SUP: 9
1174888 -1 1125315 -1 1125315 -1 1125315 1174888 -1 SUP: 9
1174888 -1 1125315 -1 1125315 -1 1125315 -1 1174888 -1 SUP: 9
1125315 -1 1125315 -1 1174888 -1 1125315 -1 1174888 -1 SUP: 11
1125315 1174888 -1 1125315 -1 1125315 -1 1174888 -1 SUP: 9
1125315 -1 1174888 -1 1125315 -1 1125315 -1 1174888 -1 SUP: 9
1125315 1174888 -1 1174888 -1 1125315 -1 1125315 -1 SUP: 9
1125315 -1 1125315 -1 1125315 1174888 -1 1174888 -1 SUP: 10
1174888 -1 1125315 -1 1125315 -1 1174888 -1 1125315 -1 SUP: 9
1125315 -1 1174888 -1 1125315 -1 1125315 1174888 -1 SUP: 10
1125315 -1 1174888 -1 1125315 1174888 -1 1125315 -1 SUP: 9
1125315 -1 1125315 1174888 -1 1124957 -1 1174888 -1 SUP: 9
1174888 -1 1125315 1174888 -1 1124957 -1 1125315 -1 SUP: 9
1174888 -1 1125315 -1 1125315 1174888 -1 1124957 -1 SUP: 9
1125315 -1 1125315 -1 1125315 -1 1174888 -1 1154343 -1 SUP: 9
1125315 -1 1125315 -1 1125315 1174888 -1 1154029 -1 SUP: 9
1125315 -1 1125315 1174888 -1 1125315 -1 1154029 -1 SUP: 9
1125315 -1 1125315 -1 1174888 -1 1125315 -1 1125315 -1 SUP: 9
1125315 -1 1125315 -1 1125315 1174888 -1 1124957 -1 SUP: 9
1125315 -1 1125315 1174888 -1 1124957 -1 1125315 -1 SUP: 10
1125315 -1 1125315 -1 1174888 -1 1124957 -1 1125315 -1 SUP: 9
1125315 -1 1125315 -1 1125315 -1 1125315 -1 1154343 -1 SUP: 9
1125315 -1 1125315 -1 1125315 -1 1124957 -1 1125315 -1 SUP: 9
1125315 -1 1125315 -1 1174888 -1 1174888 -1 956874 -1 SUP: 9
1125315 -1 1125315 -1 1125315 -1 1174888 -1 956874 -1 SUP: 9
1125315 -1 1125315 -1 1125315 -1 956874 -1 1174888 -1 SUP: 9
1125315 -1 1125315 -1 1174888 -1 1125315 -1 956874 -1 SUP: 9
956874 -1 1125315 -1 1125315 -1 1125315 -1 1125315 -1 SUP: 9
1125315 -1 1125315 -1 1125315 -1 1125315 -1 956874 -1 SUP: 9
956874 -1 1125315 -1 956874 -1 1125315 -1 1174888 -1 SUP: 9
956874 -1 1125315 1174888 -1 956874 -1 1125315 -1 SUP: 9
956874 -1 1125315 -1 1125315 -1 956874 -1 1174888 -1 SUP: 9
956874 -1 1125315 -1 1125315 -1 956874 -1 1125315 -1 SUP: 10
1125315 1174888 -1 1125315 1174888 -1 1797513 -1 1174888 -1 SUP: 9
1125315 1174888 -1 1125315 1174888 -1 1797513 -1 1125315 -1 SUP: 9
1125315 1174888 -1 1125315 1174888 -1 1125315 1174888 -1 SUP: 9
1125315 1174888 -1 1125315 -1 1125315 1174888 -1 1125315 -1 SUP: 9
1125315 -1 1125315 -1 1125315 -1 1174888 -1 1125315 1174888 -1 SUP: 9
1125315 -1 1125315 -1 1125315 -1 1125315 -1 1125315 1174888 -1 SUP: 9
