19136030 -1 SUP: 17
1707687 -1 SUP: 18
1560171 -1 SUP: 16
1551099 -1 SUP: 21
1506270 -1 SUP: 17
1398937 -1 SUP: 16
1377898 -1 SUP: 15
1361711 -1 SUP: 18
1346823 -1 SUP: 19
1310149 -1 SUP: 17
1000560 -1 SUP: 29
997881 -1 SUP: 15
970250 -1 SUP: 15
948078 -1 SUP: 15
923645 -1 SUP: 16
922570 -1 SUP: 17
906780 -1 SUP: 16
791967 -1 SUP: 15
744740 -1 SUP: 18
586413 -1 SUP: 20
19055720 -1 19121608 -1 SUP: 16
19049105 -1 19121608 -1 SUP: 16
19055720 -1 19055720 -1 SUP: 15
19001311 -1 19001311 -1 SUP: 16
1734104 -1 19121608 -1 SUP: 15
1797513 -1 19049105 -1 SUP: 15
1713332 -1 19121608 -1 SUP: 15
19121608 -1 1322184 -1 SUP: 15
1308216 -1 19121608 -1 SUP: 16
19121608 -1 1307046 -1 SUP: 17
19049105 -1 1322184 -1 SUP: 15
19049105 -1 1307046 -1 SUP: 17
1307046 -1 19049105 -1 SUP: 17
19121608 -1 1174888 -1 SUP: 15
19121608 -1 1154029 -1 SUP: 15
1154029 -1 19121608 -1 SUP: 16
19049105 -1 1154029 -1 SUP: 15
1125315 -1 19055720 -1 SUP: 15
19121608 -1 956874 -1 SUP: 18
974166 -1 19049105 -1 SUP: 15
19049105 -1 956874 -1 SUP: 18
1797513 -1 1797513 -1 SUP: 16
1539403 -1 1539403 -1 SUP: 17
1307046 -1 1734104 -1 SUP: 16
1713332 -1 1307046 -1 SUP: 15
1174888 -1 1742253 -1 SUP: 15
1742253 -1 1125315 -1 SUP: 16
1797513 -1 956874 -1 SUP: 15
1545958 -1 1174888 -1 SUP: 15
974166 -1 1734104 -1 SUP: 15
1742253 -1 956874 -1 SUP: 17
956874 -1 1742253 -1 SUP: 18
956874 -1 1734104 -1 SUP: 18
1545958 -1 1125315 -1 SUP: 16
1125315 -1 1545958 -1 SUP: 16
1713332 -1 956874 -1 SUP: 15
1332418 -1 1332418 -1 SUP: 17
1332418 -1 1322184 -1 SUP: 15
1332418 -1 1307046 -1 SUP: 16
1307046 -1 1308216 -1 SUP: 17
1373928 -1 1154029 -1 SUP: 15
1383815 -1 1125315 -1 SUP: 15
1174888 -1 1332418 -1 SUP: 15
1373928 -1 1125315 -1 SUP: 15
1539403 -1 956874 -1 SUP: 18
956874 -1 1539403 -1 SUP: 16
1153664 -1 1307046 -1 SUP: 15
1503297 -1 956874 -1 SUP: 15
1125315 -1 1332418 -1 SUP: 20
1307046 -1 1124957 -1 SUP: 15
1154029 -1 1174888 -1 SUP: 15
1174888 -1 1153013 -1 SUP: 16
1154343 -1 1154343 -1 SUP: 15
1154029 -1 1154029 -1 SUP: 16
974166 -1 1332418 -1 SUP: 16
1124957 -1 1174888 -1 SUP: 20
956874 -1 1332418 -1 SUP: 20
1332418 -1 956874 -1 SUP: 19
974166 -1 1308216 -1 SUP: 15
974166 -1 1307046 -1 SUP: 17
1154029 -1 1125315 -1 SUP: 16
956874 -1 1322184 -1 SUP: 19
1174888 -1 1103314 -1 SUP: 15
1308216 -1 956874 -1 SUP: 18
956874 -1 1308216 -1 SUP: 16
1307046 -1 956874 -1 SUP: 17
1124957 1125315 -1 SUP: 17
1125315 -1 1103314 -1 SUP: 17
1154029 -1 1000560 -1 SUP: 18
1125315 -1 1000560 -1 SUP: 15
1125315 -1 989878 -1 SUP: 15
956874 -1 1154343 -1 SUP: 15
956874 -1 1154029 -1 SUP: 16
956874 -1 1153664 -1 SUP: 17
1125315 -1 967823 -1 SUP: 16
1124957 -1 956874 -1 SUP: 16
956874 -1 1124957 -1 SUP: 15
1125315 -1 922570 -1 SUP: 16
1125315 -1 903963 -1 SUP: 15
974166 -1 974166 -1 SUP: 17
974166 -1 956874 -1 SUP: 18
708298 1154029 -1 SUP: 19
1154029 -1 708298 -1 SUP: 15
1125315 -1 19121608 -1 19121608 -1 SUP: 17
1307046 -1 1125315 -1 19121608 -1 SUP: 15
1125315 -1 19121608 -1 1125315 -1 SUP: 16
1125315 1174888 -1 19049105 -1 SUP: 19
19049105 -1 1125315 1174888 -1 SUP: 17
19049105 -1 1174888 -1 1125315 -1 SUP: 15
1125315 -1 1125315 -1 19049105 -1 SUP: 15
1125315 -1 19049105 -1 1125315 -1 SUP: 16
19049105 -1 1125315 -1 1125315 -1 SUP: 16
956874 -1 1125315 -1 19121608 -1 SUP: 17
956874 -1 1125315 -1 19049105 -1 SUP: 15
1705674 1836430 -1 1125315 -1 SUP: 15
1174888 -1 1713332 -1 1713332 -1 SUP: 15
1125315 -1 1713332 1759842 -1 SUP: 15
1713332 -1 1125315 -1 1713332 -1 SUP: 16
1125315 -1 1713332 -1 1713332 -1 SUP: 18
1502905 -1 1174888 -1 1502905 -1 SUP: 16
1502905 -1 1125315 -1 1502905 -1 SUP: 17
1502905 -1 1502905 -1 1125315 -1 SUP: 15
1786621 -1 1125315 -1 1174888 -1 SUP: 16
1125315 -1 1174888 -1 1786621 -1 SUP: 15
1786621 -1 1174888 -1 1125315 -1 SUP: 15
1174888 -1 1786621 -1 1125315 -1 SUP: 15
1797513 -1 1125315 -1 1125315 -1 SUP: 15
1125315 -1 1734104 -1 1174888 -1 SUP: 15
1174888 -1 1734104 -1 1125315 -1 SUP: 15
1734104 -1 1125315 1174888 -1 SUP: 17
1713332 -1 1125315 -1 1174888 -1 SUP: 15
1125315 -1 1125315 -1 1759842 -1 SUP: 15
1125315 -1 1125315 -1 1742253 -1 SUP: 16
1125315 -1 1734104 -1 1125315 -1 SUP: 16
1734104 -1 1125315 -1 1125315 -1 SUP: 15
1125315 -1 1713332 -1 1125315 -1 SUP: 17
1705674 -1 1125315 -1 1125315 -1 SUP: 15
956874 -1 1125315 -1 1797513 -1 SUP: 15
1125315 1174888 -1 1539403 -1 SUP: 18
1174888 -1 1539403 -1 1125315 -1 SUP: 16
1502905 -1 1174888 -1 1125315 -1 SUP: 16
1174888 -1 1502905 -1 1125315 -1 SUP: 15
1502905 -1 1125315 1174888 -1 SUP: 16
1125315 -1 1502905 -1 1174888 -1 SUP: 16
956874 -1 1125315 -1 1713332 -1 SUP: 16
1125315 -1 1125315 -1 1539403 -1 SUP: 15
1125315 -1 1539403 -1 1125315 -1 SUP: 17
1307046 -1 1307046 -1 1174888 -1 SUP: 15
1307046 -1 1125315 -1 1322184 -1 SUP: 15
1502905 -1 1125315 -1 1125315 -1 SUP: 15
1307046 -1 1125315 -1 1307046 -1 SUP: 16
1307046 -1 1307046 -1 1125315 -1 SUP: 15
1125315 1174888 -1 1383815 -1 SUP: 15
1125315 1174888 -1 1373928 -1 SUP: 17
956874 -1 1502905 -1 1174888 -1 SUP: 15
1332418 -1 1125315 -1 1174888 -1 SUP: 16
1125315 -1 1174888 -1 1322184 -1 SUP: 15
1174888 -1 1125315 -1 1322184 -1 SUP: 15
1125315 1174888 -1 1322184 -1 SUP: 20
1308216 -1 1125315 1174888 -1 SUP: 15
1125315 1174888 -1 1308216 -1 SUP: 15
1307046 -1 1125315 -1 1174888 -1 SUP: 18
1125315 1174888 -1 1307046 -1 SUP: 17
956874 -1 1125315 -1 1502905 -1 SUP: 17
956874 -1 1502905 -1 1125315 -1 SUP: 15
1332418 -1 1125315 -1 1125315 -1 SUP: 16
1125315 -1 1125315 -1 1322184 -1 SUP: 16
1308216 -1 1125315 -1 1125315 -1 SUP: 17
1125315 -1 1307046 -1 1125315 -1 SUP: 17
1125315 -1 1125315 -1 1307046 -1 SUP: 17
1174888 -1 1174888 -1 1124957 -1 SUP: 15
1125315 -1 1174888 -1 1154343 -1 SUP: 16
1125315 1174888 -1 1154343 -1 SUP: 15
1174888 -1 1125315 -1 1154343 -1 SUP: 15
1154343 -1 1125315 1174888 -1 SUP: 15
1125315 1174888 -1 1154029 -1 SUP: 17
1153664 -1 1125315 1174888 -1 SUP: 16
1125315 1174888 -1 1153664 -1 SUP: 16
1125315 -1 1153664 -1 1174888 -1 SUP: 15
1125315 -1 1153013 -1 1174888 -1 SUP: 15
1174888 -1 1125315 -1 1124957 -1 SUP: 15
1125315 -1 1174888 -1 1124957 -1 SUP: 15
1125315 -1 1154343 -1 1125315 -1 SUP: 15
1125315 -1 1125315 -1 1154343 -1 SUP: 17
1125315 -1 1125315 -1 1154029 -1 SUP: 16
1125315 -1 1125315 1153664 -1 SUP: 16
1125315 -1 1153013 -1 1125315 -1 SUP: 16
956874 -1 1307046 -1 1125315 -1 SUP: 15
956874 -1 1125315 -1 1307046 -1 SUP: 15
1125315 -1 956874 -1 1307046 -1 SUP: 15
1125315 -1 1125315 -1 1124957 -1 SUP: 17
1125315 -1 1124957 -1 1124957 -1 SUP: 15
1125315 1174888 -1 986417 -1 SUP: 15
1125315 -1 956874 -1 1174888 -1 SUP: 16
956874 -1 1174888 -1 956874 -1 SUP: 16
1174888 -1 956874 -1 956874 -1 SUP: 16
1125315 1174888 -1 781039 -1 SUP: 15
1125315 -1 956874 -1 956874 -1 SUP: 17
956874 -1 956874 -1 956874 -1 SUP: 16
1125315 1174888 -1 1174888 -1 19121608 -1 SUP: 15
1125315 1174888 -1 1125315 -1 19121608 -1 SUP: 18
1125315 -1 1125315 1174888 -1 19121608 -1 SUP: 17
1125315 -1 1125315 -1 1125315 -1 19121608 -1 SUP: 15
1125315 1174888 -1 1174888 -1 1797513 -1 SUP: 15
1125315 1174888 -1 1125315 -1 1797513 -1 SUP: 17
1125315 -1 1125315 1174888 -1 1797513 -1 SUP: 17
1125315 -1 1797513 -1 1125315 1174888 -1 SUP: 16
1125315 -1 1786621 -1 1125315 1174888 -1 SUP: 16
1125315 -1 1786621 -1 1125315 -1 1125315 -1 SUP: 15
1125315 1174888 -1 1125315 -1 1734104 -1 SUP: 16
1125315 -1 1125315 1174888 -1 1734104 -1 SUP: 15
1125315 1174888 -1 1125315 -1 1713332 -1 SUP: 15
1713332 -1 1125315 1174888 -1 1125315 -1 SUP: 15
1125315 -1 1125315 1174888 -1 1713332 -1 SUP: 15
1125315 -1 1125315 -1 1125315 -1 1713332 -1 SUP: 16
1539403 -1 1174888 -1 1125315 1174888 -1 SUP: 16
1539403 -1 1125315 1174888 -1 1174888 -1 SUP: 15
1539403 -1 1125315 1174888 -1 1125315 -1 SUP: 16
1539403 -1 1125315 -1 1125315 1174888 -1 SUP: 17
1125315 -1 1125315 -1 1502905 -1 1125315 -1 SUP: 15
1307046 -1 1125315 1174888 -1 1125315 -1 SUP: 15
1174888 -1 1174888 -1 1174888 -1 1174888 -1 SUP: 15
1125315 1174888 -1 1124957 -1 1125315 -1 SUP: 15
974166 -1 1125315 -1 1125315 1174888 -1 SUP: 15
974166 -1 1125315 1174888 -1 1125315 -1 SUP: 16
956874 -1 1125315 -1 1125315 1174888 -1 SUP: 17
1125315 1174888 -1 956874 -1 1125315 -1 SUP: 16
1125315 1174888 -1 1125315 -1 956874 -1 SUP: 15
956874 -1 1125315 -1 1125315 -1 1174888 -1 SUP: 17
956874 -1 1125315 1174888 -1 1125315 -1 SUP: 16
956874 -1 1125315 -1 1125315 -1 1125315 -1 SUP: 18
1125315 -1 1125315 -1 956874 -1 1125315 -1 SUP: 15
956874 -1 956874 -1 1125315 1174888 -1 SUP: 16
956874 -1 956874 -1 1125315 -1 1174888 -1 SUP: 15
956874 -1 1125315 -1 956874 -1 1125315 -1 SUP: 16
956874 -1 956874 -1 1125315 -1 1125315 -1 SUP: 16
1174888 -1 1125315 -1 1125315 1174888 -1 1174888 -1 SUP: 15
1174888 -1 1174888 -1 1125315 1174888 -1 1125315 -1 SUP: 16
1174888 -1 1125315 -1 1174888 -1 1125315 1174888 -1 SUP: 15
1125315 -1 1174888 -1 1174888 -1 1125315 1174888 -1 SUP: 15
1174888 -1 1174888 -1 1125315 -1 1125315 -1 1174888 -1 SUP: 15
1125315 1174888 -1 1174888 -1 1125315 -1 1174888 -1 SUP: 15
1174888 -1 1125315 -1 1125315 -1 1125315 -1 1174888 -1 SUP: 15
1125315 -1 1125315 -1 1125315 -1 1174888 -1 1174888 -1 SUP: 15
1125315 -1 1174888 -1 1125315 -1 1125315 1174888 -1 SUP: 15
1125315 -1 1125315 1174888 -1 1174888 -1 1125315 -1 SUP: 15
1125315 1174888 -1 1125315 -1 1125315 -1 1174888 -1 SUP: 15
1125315 -1 1125315 -1 1174888 -1 1125315 -1 1174888 -1 SUP: 17
1125315 -1 1174888 -1 1125315 1174888 -1 1125315 -1 SUP: 17
1125315 -1 1125315 -1 1125315 1174888 -1 1174888 -1 SUP: 16
1125315 -1 1125315 -1 1125315 -1 1125315 -1 1174888 -1 SUP: 17
1125315 -1 1125315 -1 1174888 -1 1125315 -1 1125315 -1 SUP: 15
1125315 -1 1125315 -1 1125315 -1 1125315 1174888 -1 SUP: 16
1125315 -1 1125315 -1 1125315 -1 1174888 -1 1125315 -1 SUP: 16
1125315 -1 1125315 -1 1125315 -1 1125315 -1 1125315 -1 SUP: 17
1125315 1174888 -1 1125315 1174888 -1 1125315 1174888 -1 SUP: 16
1125315 1174888 -1 1125315 1174888 -1 1125315 -1 1125315 -1 SUP: 15
1125315 1174888 -1 1125315 -1 1125315 1174888 -1 1125315 -1 SUP: 15
